0 0.226562 0.409180 0.028125 0.080078
0 0.264062 0.392578 0.028125 0.062500
2 0.299219 0.428711 0.095312 0.087891
2 0.178906 0.414062 0.076563 0.062500
2 0.360156 0.410156 0.042188 0.031250
2 0.464062 0.431641 0.040625 0.066406
0 0.493750 0.491211 0.084375 0.244141
0 0.574219 0.496094 0.048438 0.230469
0 0.633594 0.515625 0.098437 0.265625
0 0.710938 0.508789 0.081250 0.251953
0 0.843750 0.511719 0.103125 0.281250
0 0.901563 0.509766 0.053125 0.257812
0 0.953906 0.505859 0.073438 0.238281
0 0.985156 0.474609 0.026562 0.179688
2 0.451562 0.413086 0.059375 0.064453
2 0.423438 0.404297 0.028125 0.046875
0 0.397656 0.409180 0.014063 0.037109