2 0.045312 0.625977 0.087500 0.193359
2 0.126562 0.569336 0.165625 0.181641
2 0.239063 0.515625 0.065625 0.085938
0 0.284375 0.519531 0.040625 0.140625
2 0.305469 0.501953 0.045312 0.062500
2 0.340625 0.488281 0.050000 0.054688
2 0.584375 0.491211 0.056250 0.064453
1 0.618750 0.507812 0.084375 0.062500
2 0.813281 0.496094 0.067187 0.074219
2 0.940625 0.498047 0.050000 0.062500
2 0.964844 0.471680 0.067187 0.068359
2 0.661719 0.462891 0.045312 0.050781
2 0.376563 0.462891 0.046875 0.046875
2 0.403906 0.458008 0.026562 0.029297
1 0.974219 0.605469 0.045312 0.074219