0 0.473438 0.455078 0.040625 0.136719
2 0.694531 0.470703 0.217188 0.199219
2 0.973437 0.470703 0.046875 0.089844
2 0.549219 0.448242 0.082812 0.080078
2 0.022656 0.491211 0.045312 0.142578
2 0.082031 0.479492 0.117188 0.099609
2 0.156250 0.461914 0.093750 0.103516
2 0.212500 0.460938 0.046875 0.085938
2 0.313281 0.452148 0.020313 0.044922
2 0.334375 0.450195 0.021875 0.041016
2 0.351562 0.446289 0.012500 0.029297
2 0.578125 0.499023 0.025000 0.052734
2 0.504687 0.456055 0.021875 0.044922
2 0.451562 0.445312 0.018750 0.023438
2 0.437500 0.445312 0.012500 0.019531
2 0.393750 0.445312 0.018750 0.019531
2 0.381250 0.445312 0.015625 0.019531
2 0.367188 0.444336 0.018750 0.029297
2 0.289844 0.456055 0.045312 0.041016