2 0.085156 0.617188 0.170313 0.222656
2 0.232031 0.542969 0.226562 0.128906
2 0.271094 0.484375 0.110937 0.054688
2 0.329688 0.466797 0.053125 0.066406
0 0.781250 0.649414 0.068750 0.291016
0 0.360156 0.493164 0.023438 0.103516
0 0.407813 0.488281 0.028125 0.109375
0 0.384375 0.490234 0.021875 0.085938
2 0.896094 0.708008 0.201563 0.416016
2 0.728906 0.573242 0.060937 0.138672
2 0.704688 0.547852 0.100000 0.119141
2 0.636719 0.502930 0.085938 0.068359
2 0.602344 0.473633 0.051562 0.056641
2 0.555469 0.448242 0.026562 0.037109
2 0.830469 0.470703 0.123438 0.066406
2 0.865625 0.491211 0.068750 0.072266
0 0.676562 0.465820 0.018750 0.041016
0 0.653125 0.454102 0.021875 0.033203
0 0.637500 0.453125 0.018750 0.035156
0 0.232813 0.450195 0.018750 0.025391
0 0.213281 0.460938 0.023438 0.031250