2 0.801562 0.473633 0.084375 0.052734
2 0.685156 0.501953 0.042188 0.066406
2 0.582031 0.474609 0.057813 0.039062
2 0.441406 0.458984 0.032813 0.031250
2 0.471875 0.461914 0.034375 0.033203
2 0.512500 0.468750 0.050000 0.046875
1 0.196094 0.554688 0.026562 0.062500
1 0.657031 0.562500 0.020313 0.074219
1 0.630469 0.537109 0.023438 0.070312
0 0.655469 0.503906 0.029687 0.093750
0 0.630469 0.487305 0.029687 0.076172
0 0.199219 0.515625 0.023438 0.070312
0 0.210938 0.471680 0.031250 0.044922
0 0.274219 0.465820 0.023438 0.044922
0 0.829688 0.453125 0.018750 0.035156
0 0.858594 0.473633 0.026562 0.056641
0 0.876563 0.478516 0.018750 0.046875
2 0.346875 0.450195 0.034375 0.033203