2 0.953125 0.557617 0.090625 0.216797
2 0.817969 0.513672 0.357812 0.257812
0 0.628125 0.508789 0.040625 0.185547
2 0.610938 0.474609 0.175000 0.148438
2 0.502344 0.491211 0.060937 0.076172
2 0.478125 0.483398 0.096875 0.072266
2 0.406250 0.473633 0.075000 0.052734
2 0.346875 0.470703 0.050000 0.054688
2 0.307812 0.472656 0.031250 0.039062
2 0.281250 0.468750 0.028125 0.039062
2 0.196875 0.490234 0.037500 0.093750
2 0.023438 0.550781 0.046875 0.210938
2 0.072656 0.486328 0.145313 0.191406
2 0.214062 0.481445 0.062500 0.095703
2 0.710156 0.421875 0.101562 0.074219