0 0.403125 0.473633 0.028125 0.060547
2 0.134375 0.483398 0.181250 0.083984
2 0.332813 0.460938 0.053125 0.042969
2 0.599219 0.479492 0.032813 0.060547
2 0.639844 0.494141 0.082812 0.097656
2 0.742188 0.547852 0.153125 0.177734
2 0.824219 0.625000 0.223438 0.230469
2 0.904687 0.754883 0.187500 0.462891
2 0.502344 0.442383 0.029687 0.029297
2 0.039062 0.465820 0.078125 0.060547
2 0.043750 0.541016 0.087500 0.109375
2 0.247656 0.472656 0.045312 0.062500
2 0.435156 0.453125 0.035937 0.031250
2 0.582031 0.475586 0.026562 0.056641
2 0.575000 0.465820 0.037500 0.052734