0 0.851562 0.445312 0.071875 0.089844
0 0.699219 0.495117 0.054688 0.220703
2 0.969531 0.549805 0.057813 0.138672
2 0.942187 0.465820 0.109375 0.064453
2 0.778906 0.496094 0.101562 0.140625
2 0.620313 0.500000 0.100000 0.109375
2 0.575781 0.450195 0.220312 0.138672
2 0.468750 0.446289 0.106250 0.123047
2 0.377344 0.467773 0.070312 0.060547
2 0.163281 0.462891 0.132812 0.093750
2 0.067187 0.406250 0.131250 0.121094
2 0.067969 0.499023 0.135937 0.130859
2 0.051562 0.539062 0.096875 0.117188
2 0.400781 0.479492 0.048438 0.052734
2 0.332813 0.467773 0.031250 0.041016