0 0.992188 0.480469 0.012500 0.148438
0 0.973437 0.472656 0.028125 0.171875
0 0.944531 0.487305 0.060937 0.228516
0 0.917969 0.477539 0.029687 0.107422
2 0.706250 0.512695 0.193750 0.181641
0 0.596094 0.466797 0.010937 0.039062
0 0.586719 0.458984 0.010937 0.031250
0 0.567187 0.459961 0.009375 0.029297
2 0.442969 0.468750 0.054688 0.062500
0 0.508594 0.463867 0.010937 0.029297
2 0.407813 0.468750 0.018750 0.023438
2 0.385156 0.472656 0.029687 0.035156
0 0.287500 0.468750 0.009375 0.027344
2 0.162500 0.505859 0.115625 0.101562
2 0.022656 0.531250 0.042188 0.164062