0 0.683594 0.505859 0.026562 0.113281
0 0.721875 0.498047 0.034375 0.109375
0 0.887500 0.523438 0.050000 0.085938
2 0.839063 0.679688 0.315625 0.261719
2 0.614062 0.522461 0.112500 0.103516
2 0.567187 0.483398 0.084375 0.095703
2 0.521094 0.461914 0.045312 0.044922
2 0.397656 0.445312 0.026562 0.039062
2 0.327344 0.480469 0.051562 0.054688
2 0.279687 0.508789 0.059375 0.076172
2 0.198437 0.523438 0.118750 0.113281
2 0.076563 0.590820 0.153125 0.259766
2 0.382812 0.453125 0.031250 0.039062
2 0.375000 0.457031 0.021875 0.035156
2 0.358594 0.463867 0.026562 0.041016
2 0.297656 0.494141 0.048438 0.054688