0 0.089063 0.461914 0.028125 0.091797
0 0.068750 0.456055 0.018750 0.087891
0 0.309375 0.463867 0.018750 0.052734
0 0.324219 0.467773 0.020313 0.056641
2 0.533594 0.458984 0.029687 0.027344
2 0.596875 0.471680 0.037500 0.033203
0 0.965625 0.500977 0.037500 0.091797
0 0.884375 0.491211 0.021875 0.091797
0 0.861719 0.502930 0.026562 0.091797
0 0.764844 0.481445 0.026562 0.068359
0 0.663281 0.490234 0.029687 0.089844
0 0.629687 0.486328 0.028125 0.097656
0 0.297656 0.460938 0.020313 0.054688
0 0.749219 0.477539 0.020313 0.068359
0 0.796094 0.467773 0.023438 0.044922
0 0.734375 0.485352 0.018750 0.083984