2 0.889062 0.666016 0.209375 0.296875
2 0.924219 0.478516 0.142187 0.085938
2 0.164844 0.459961 0.085938 0.056641
2 0.079687 0.450195 0.081250 0.044922
2 0.025000 0.447266 0.043750 0.050781
0 0.271094 0.451172 0.026562 0.066406
0 0.533594 0.484375 0.029687 0.093750
1 0.564063 0.495117 0.034375 0.052734
1 0.603125 0.471680 0.028125 0.044922
0 0.430469 0.443359 0.023438 0.066406
0 0.098437 0.429688 0.021875 0.031250
0 0.130469 0.442383 0.017188 0.052734
1 0.129688 0.470703 0.018750 0.031250
0 0.286719 0.433594 0.023438 0.031250