2 0.855469 0.591797 0.285938 0.355469
2 0.758594 0.477539 0.067187 0.076172
2 0.528906 0.494141 0.142187 0.101562
2 0.453125 0.466797 0.034375 0.039062
1 0.047656 0.619141 0.092188 0.156250
0 0.209375 0.459961 0.018750 0.068359
0 0.254688 0.460938 0.015625 0.062500
1 0.109375 0.494141 0.046875 0.101562
0 0.646875 0.447266 0.015625 0.035156
0 0.627344 0.447266 0.014063 0.027344
2 0.660156 0.482422 0.104688 0.078125
0 0.335938 0.458008 0.012500 0.052734
0 0.329688 0.458984 0.012500 0.046875
0 0.319531 0.457031 0.010937 0.050781
1 0.185156 0.489258 0.026562 0.056641
1 0.153125 0.494141 0.021875 0.070312
1 0.141406 0.492188 0.017188 0.066406
0 0.046875 0.485352 0.087500 0.267578