0 0.502344 0.468750 0.020313 0.066406
0 0.485938 0.469727 0.028125 0.068359
0 0.514844 0.546875 0.060937 0.113281
0 0.596094 0.483398 0.026562 0.091797
0 0.626563 0.552734 0.062500 0.195312
2 0.679688 0.477539 0.090625 0.072266
0 0.719531 0.496094 0.032813 0.117188
1 0.758594 0.581055 0.035937 0.130859
0 0.758594 0.533203 0.060937 0.195312
0 0.794531 0.510742 0.035937 0.162109
0 0.846875 0.517578 0.056250 0.171875
0 0.891406 0.529297 0.067187 0.222656
0 0.955469 0.532227 0.067187 0.216797
2 0.422656 0.480469 0.067187 0.062500
0 0.209375 0.451172 0.012500 0.035156
0 0.219531 0.450195 0.010937 0.029297
0 0.318750 0.452148 0.018750 0.033203
0 0.521094 0.464844 0.023438 0.062500