2 0.532813 0.497070 0.103125 0.111328
2 0.417187 0.484375 0.025000 0.031250
0 0.294531 0.486328 0.014063 0.031250
0 0.285156 0.484375 0.014063 0.031250
0 0.272656 0.485352 0.010937 0.029297
0 0.260156 0.487305 0.014063 0.037109
0 0.236719 0.484375 0.014063 0.046875
0 0.224219 0.482422 0.010937 0.035156
0 0.215625 0.486328 0.012500 0.042969
0 0.200781 0.486328 0.010937 0.039062
0 0.189062 0.486328 0.012500 0.042969
0 0.175781 0.487305 0.010937 0.041016
0 0.162500 0.486328 0.012500 0.039062
0 0.150000 0.488281 0.012500 0.039062
0 0.132812 0.490234 0.012500 0.046875
0 0.120313 0.489258 0.009375 0.052734
0 0.110937 0.489258 0.009375 0.044922
0 0.101562 0.492188 0.012500 0.054688
0 0.091406 0.491211 0.010937 0.056641
0 0.075000 0.490234 0.015625 0.062500
0 0.060156 0.495117 0.010937 0.056641
0 0.045312 0.494141 0.012500 0.062500
0 0.017188 0.497070 0.018750 0.076172