2 0.195312 0.532227 0.178125 0.166016
2 0.301563 0.519531 0.046875 0.085938
2 0.337500 0.504883 0.046875 0.068359
2 0.360156 0.493164 0.035937 0.060547
2 0.381250 0.478516 0.046875 0.082031
2 0.632031 0.500000 0.057813 0.074219
2 0.668750 0.523438 0.087500 0.105469
2 0.849219 0.629883 0.282813 0.228516
0 0.410156 0.475586 0.020313 0.060547
0 0.010156 0.457031 0.020313 0.039062
2 0.597656 0.484375 0.032813 0.054688
2 0.585938 0.470703 0.037500 0.050781
2 0.432031 0.459961 0.029687 0.041016
2 0.450000 0.458008 0.021875 0.029297
2 0.462500 0.450195 0.021875 0.033203