0 0.888281 0.492188 0.048438 0.187500
0 0.836719 0.497070 0.057813 0.208984
0 0.763281 0.482422 0.042188 0.148438
0 0.719531 0.486328 0.045312 0.136719
0 0.619531 0.465820 0.023438 0.068359
0 0.594531 0.470703 0.020313 0.074219
2 0.442188 0.469727 0.046875 0.056641
2 0.111719 0.556641 0.223438 0.195312
2 0.951562 0.488281 0.087500 0.113281
2 0.947656 0.423828 0.101562 0.101562
0 0.164062 0.479492 0.018750 0.041016
0 0.646875 0.452148 0.012500 0.044922
0 0.657031 0.449219 0.014063 0.046875
0 0.575781 0.459961 0.014063 0.048828