1 0.708594 0.660156 0.098437 0.226562
1 0.590625 0.533203 0.028125 0.117188
1 0.476562 0.539062 0.025000 0.121094
1 0.364063 0.564453 0.025000 0.152344
1 0.012500 0.505859 0.025000 0.085938
2 0.264844 0.472656 0.070312 0.066406
0 0.170313 0.448242 0.031250 0.048828
0 0.835156 0.420898 0.029687 0.029297
0 0.814844 0.420898 0.020313 0.025391
0 0.430469 0.456055 0.017188 0.056641
0 0.305469 0.453125 0.023438 0.046875
0 0.713281 0.480469 0.120313 0.363281
0 0.589063 0.463867 0.046875 0.208984
0 0.475000 0.475586 0.043750 0.197266
0 0.363281 0.490234 0.057813 0.238281
1 0.177344 0.496094 0.023438 0.042969