1 0.038281 0.570312 0.073438 0.093750
0 0.228906 0.453125 0.020313 0.070312
0 0.729688 0.473633 0.025000 0.099609
0 0.767969 0.451172 0.023438 0.042969
0 0.788281 0.449219 0.026562 0.046875
2 0.566406 0.463867 0.057813 0.064453
2 0.536719 0.454102 0.026562 0.041016
2 0.517188 0.438477 0.034375 0.033203
2 0.695312 0.759766 0.453125 0.472656
0 0.659375 0.451172 0.025000 0.042969
0 0.826562 0.461914 0.021875 0.025391
0 0.990625 0.482422 0.015625 0.105469
0 0.600000 0.433594 0.018750 0.039062
2 0.440625 0.429688 0.025000 0.023438