0 0.770312 0.483398 0.034375 0.130859
0 0.732812 0.476562 0.040625 0.148438
0 0.657813 0.474609 0.040625 0.105469
0 0.704688 0.467773 0.028125 0.103516
0 0.584375 0.467773 0.021875 0.072266
0 0.609375 0.458008 0.018750 0.064453
2 0.813281 0.458984 0.051562 0.070312
2 0.926562 0.446289 0.140625 0.138672
2 0.950781 0.487305 0.092188 0.107422
2 0.417969 0.477539 0.054688 0.056641
2 0.447656 0.460938 0.029687 0.031250
0 0.557813 0.460938 0.012500 0.050781
0 0.547656 0.460938 0.010937 0.050781
0 0.382031 0.461914 0.010937 0.029297
0 0.167187 0.480469 0.015625 0.042969
0 0.127344 0.487305 0.020313 0.029297
0 0.111719 0.489258 0.020313 0.052734