2 0.085938 0.570312 0.165625 0.179688
2 0.250000 0.539062 0.034375 0.117188
2 0.175000 0.507812 0.034375 0.066406
2 0.328906 0.486328 0.060937 0.058594
2 0.375000 0.472656 0.046875 0.046875
2 0.749219 0.581055 0.198437 0.193359
2 0.853125 0.680664 0.290625 0.318359
2 0.944531 0.868164 0.104688 0.255859
2 0.451562 0.449219 0.037500 0.035156
0 0.600781 0.574219 0.092188 0.250000
0 0.434375 0.585938 0.087500 0.265625
0 0.202344 0.540039 0.060937 0.181641
1 0.206250 0.625000 0.056250 0.144531
1 0.442188 0.658203 0.034375 0.140625
2 0.782031 0.454102 0.098437 0.052734
2 0.803125 0.462891 0.087500 0.042969
2 0.667188 0.468750 0.118750 0.058594
2 0.548438 0.458984 0.046875 0.042969
2 0.282813 0.477539 0.065625 0.056641
2 0.113281 0.464844 0.067187 0.042969
2 0.022656 0.482422 0.045312 0.054688
0 0.011719 0.638672 0.023438 0.261719