2 0.558594 0.399414 0.057813 0.060547
2 0.525000 0.399414 0.018750 0.052734
2 0.508594 0.390625 0.020313 0.042969
2 0.443750 0.401367 0.059375 0.052734
2 0.380469 0.374023 0.017188 0.021484
2 0.357031 0.381836 0.023438 0.029297
2 0.331250 0.380859 0.021875 0.039062
2 0.312500 0.390625 0.018750 0.039062
2 0.276562 0.388672 0.053125 0.050781
2 0.271875 0.401367 0.031250 0.044922
2 0.239844 0.402344 0.042188 0.070312
2 0.199219 0.409180 0.060937 0.087891
2 0.125000 0.417969 0.118750 0.109375
2 0.023438 0.430664 0.046875 0.166016
2 0.399219 0.371094 0.017188 0.019531
2 0.429688 0.370117 0.018750 0.013672