2 0.085938 0.579102 0.165625 0.177734
2 0.180469 0.558594 0.126562 0.113281
2 0.296875 0.537109 0.115625 0.085938
2 0.360156 0.530273 0.054688 0.068359
2 0.754687 0.607422 0.209375 0.179688
2 0.671875 0.541992 0.112500 0.103516
0 0.581250 0.516602 0.018750 0.033203
0 0.550000 0.514648 0.015625 0.041016
0 0.533594 0.511719 0.020313 0.042969
2 0.421875 0.521484 0.059375 0.054688
2 0.446094 0.513672 0.026562 0.046875
2 0.470313 0.515625 0.034375 0.039062
2 0.494531 0.515625 0.020313 0.031250
2 0.562500 0.514648 0.018750 0.025391
2 0.632812 0.520508 0.059375 0.072266