2 0.155469 0.502930 0.170313 0.162109
2 0.292187 0.468750 0.081250 0.085938
2 0.342187 0.464844 0.034375 0.039062
2 0.696875 0.492188 0.053125 0.093750
2 0.760938 0.497070 0.028125 0.099609
2 0.627344 0.480469 0.048438 0.082031
1 0.984375 0.629883 0.028125 0.119141
1 0.943750 0.589844 0.037500 0.078125
0 0.953125 0.515625 0.056250 0.160156
0 0.737500 0.483398 0.043750 0.130859
0 0.657813 0.475586 0.037500 0.115234
1 0.733594 0.541016 0.060937 0.089844
1 0.653906 0.527344 0.048438 0.070312
0 0.596094 0.474609 0.026562 0.074219
0 0.575781 0.466797 0.023438 0.070312
1 0.597656 0.515625 0.020313 0.050781
1 0.574219 0.499023 0.023438 0.037109
1 0.014063 0.537109 0.028125 0.070312
0 0.543750 0.469727 0.021875 0.068359
0 0.519531 0.468750 0.020313 0.058594
1 0.542188 0.492188 0.018750 0.035156