2 0.727344 0.535156 0.129688 0.128906
2 0.400781 0.497070 0.051562 0.064453
2 0.376563 0.500977 0.034375 0.068359
2 0.331250 0.502930 0.075000 0.099609
2 0.255469 0.518555 0.142187 0.107422
2 0.084375 0.536133 0.165625 0.248047
0 0.434375 0.488281 0.021875 0.070312
0 0.453125 0.494141 0.021875 0.066406
0 0.610156 0.495117 0.023438 0.103516
0 0.596875 0.496094 0.031250 0.109375
0 0.650000 0.511719 0.062500 0.187500
2 0.464844 0.472656 0.029687 0.039062
2 0.553906 0.479492 0.032813 0.033203
2 0.857812 0.510742 0.028125 0.052734