2 0.935937 0.508789 0.121875 0.154297
2 0.719531 0.468750 0.048438 0.070312
2 0.646094 0.499023 0.110937 0.119141
2 0.593750 0.478516 0.040625 0.085938
2 0.559375 0.454102 0.037500 0.041016
2 0.519531 0.453125 0.051562 0.050781
2 0.435937 0.456055 0.062500 0.060547
2 0.389844 0.456055 0.029687 0.044922
2 0.353125 0.458008 0.062500 0.072266
2 0.328125 0.472656 0.043750 0.070312
2 0.285938 0.478516 0.059375 0.085938
2 0.215625 0.485352 0.128125 0.123047
0 0.857812 0.509766 0.062500 0.191406
0 0.471875 0.444336 0.012500 0.029297