0 0.455469 0.513672 0.026562 0.109375
0 0.287500 0.476562 0.025000 0.070312
0 0.310156 0.462891 0.020313 0.050781
2 0.832031 0.756836 0.332813 0.373047
2 0.667188 0.620117 0.225000 0.193359
2 0.578125 0.552734 0.143750 0.121094
2 0.510938 0.503906 0.081250 0.117188
2 0.426563 0.474609 0.040625 0.050781
2 0.048438 0.589844 0.096875 0.171875
2 0.095312 0.550781 0.112500 0.125000
2 0.134375 0.518555 0.078125 0.091797
2 0.174219 0.502930 0.057813 0.072266
2 0.226562 0.493164 0.087500 0.060547
2 0.706250 0.469727 0.059375 0.056641
2 0.042969 0.480469 0.085938 0.054688
2 0.407813 0.472656 0.034375 0.039062