2 0.028125 0.541016 0.053125 0.191406
2 0.094531 0.532227 0.148438 0.166016
2 0.210156 0.520508 0.092188 0.115234
2 0.274219 0.502930 0.073438 0.087891
2 0.366406 0.488281 0.057813 0.062500
2 0.868750 0.484375 0.128125 0.117188
2 0.814844 0.482422 0.042188 0.082031
2 0.949219 0.495117 0.095312 0.162109
0 0.417187 0.483398 0.031250 0.072266
2 0.774219 0.472656 0.070312 0.046875
2 0.582812 0.474609 0.037500 0.039062
2 0.432031 0.469727 0.026562 0.044922
2 0.450781 0.472656 0.020313 0.031250
2 0.461719 0.472656 0.020313 0.027344
2 0.482031 0.463867 0.020313 0.029297
2 0.490625 0.459961 0.021875 0.025391
0 0.550781 0.463867 0.014063 0.037109
0 0.540625 0.464844 0.012500 0.039062