2 0.237500 0.522461 0.162500 0.158203
2 0.392188 0.470703 0.046875 0.074219
2 0.369531 0.481445 0.048438 0.068359
2 0.341406 0.499023 0.045312 0.072266
2 0.325781 0.509766 0.045312 0.074219
2 0.627344 0.488281 0.057813 0.062500
2 0.659375 0.509766 0.087500 0.085938
2 0.788281 0.591797 0.223438 0.187500
0 0.021094 0.475586 0.023438 0.076172
2 0.962500 0.870117 0.068750 0.244141
0 0.421875 0.473633 0.018750 0.056641
1 0.035937 0.493164 0.021875 0.033203
2 0.591406 0.468750 0.035937 0.046875
2 0.578125 0.458008 0.037500 0.041016
2 0.435937 0.455078 0.031250 0.046875
2 0.453906 0.451172 0.020313 0.035156
0 0.537500 0.444336 0.018750 0.037109
0 0.526563 0.444336 0.018750 0.037109
2 0.949219 0.470703 0.082812 0.105469
2 0.020313 0.655273 0.040625 0.189453