0 0.261719 0.459961 0.020313 0.060547
0 0.247656 0.456055 0.020313 0.064453
0 0.233594 0.456055 0.023438 0.064453
0 0.675000 0.487305 0.031250 0.119141
0 0.762500 0.486328 0.025000 0.085938
0 0.818750 0.495117 0.034375 0.115234
0 0.904687 0.499023 0.046875 0.115234
0 0.944531 0.513672 0.057813 0.132812
2 0.593750 0.463867 0.040625 0.041016
2 0.514844 0.453125 0.029687 0.027344
0 0.653125 0.461914 0.015625 0.048828
0 0.852344 0.487305 0.029687 0.099609
0 0.638281 0.460938 0.020313 0.046875
0 0.626563 0.460938 0.018750 0.042969
0 0.360156 0.445312 0.014063 0.031250
0 0.735938 0.472656 0.021875 0.066406
0 0.796875 0.479492 0.025000 0.091797