2 0.082812 0.615234 0.162500 0.222656
2 0.194531 0.562500 0.129688 0.132812
2 0.254688 0.525391 0.084375 0.089844
2 0.306250 0.497070 0.081250 0.087891
2 0.601562 0.481445 0.062500 0.083984
2 0.615625 0.513672 0.053125 0.093750
2 0.678906 0.530273 0.132812 0.130859
2 0.796875 0.629883 0.218750 0.208984
2 0.892969 0.758789 0.210938 0.458984
2 0.403906 0.459961 0.042188 0.041016
2 0.440625 0.447266 0.021875 0.035156
0 0.531250 0.457031 0.021875 0.054688
0 0.512500 0.456055 0.018750 0.052734
2 0.554688 0.462891 0.040625 0.054688
2 0.357031 0.486328 0.032813 0.054688
0 0.182812 0.469727 0.028125 0.041016
2 0.178125 0.448242 0.053125 0.025391