1 0.740625 0.649414 0.078125 0.205078
1 0.546094 0.546875 0.035937 0.117188
1 0.454688 0.554688 0.018750 0.113281
1 0.387500 0.600586 0.018750 0.162109
2 0.271875 0.484375 0.056250 0.058594
2 0.333594 0.476562 0.032813 0.035156
1 0.107813 0.511719 0.034375 0.070312
1 0.021094 0.522461 0.042188 0.083984
1 0.632031 0.502930 0.039062 0.087891
1 0.989062 0.614258 0.018750 0.150391
1 0.593750 0.505859 0.021875 0.054688
0 0.730469 0.496094 0.085938 0.304688
0 0.549219 0.484375 0.054688 0.203125
0 0.455469 0.496094 0.048438 0.183594
0 0.385156 0.507812 0.064062 0.242188