2 0.810156 0.463867 0.057813 0.083984
2 0.925000 0.450195 0.143750 0.146484
2 0.951562 0.489258 0.087500 0.115234
0 0.664062 0.488281 0.046875 0.121094
0 0.692187 0.475586 0.046875 0.146484
0 0.167969 0.481445 0.017188 0.044922
0 0.373437 0.461914 0.009375 0.029297
0 0.379688 0.460938 0.009375 0.031250
2 0.641406 0.446289 0.020313 0.029297
2 0.730469 0.457031 0.035937 0.062500
0 0.607031 0.455078 0.020313 0.058594
0 0.550000 0.458008 0.018750 0.044922
0 0.127344 0.490234 0.020313 0.035156
0 0.110937 0.493164 0.021875 0.052734