2 0.315625 0.467773 0.084375 0.083984
2 0.367188 0.468750 0.031250 0.050781
2 0.457813 0.462891 0.068750 0.058594
0 0.828125 0.481445 0.050000 0.115234
2 0.509375 0.458984 0.031250 0.042969
2 0.526563 0.450195 0.025000 0.025391
2 0.539062 0.447266 0.015625 0.023438
0 0.619531 0.450195 0.014063 0.037109
0 0.635156 0.457031 0.020313 0.046875
0 0.646875 0.454102 0.018750 0.052734
0 0.659375 0.457031 0.018750 0.054688
0 0.698438 0.460938 0.018750 0.035156
1 0.819531 0.521484 0.095312 0.074219
0 0.415625 0.445312 0.015625 0.042969