1 0.969531 0.582031 0.057813 0.101562
1 0.631250 0.582031 0.100000 0.152344
1 0.529687 0.600586 0.090625 0.099609
1 0.260156 0.558594 0.073438 0.078125
1 0.211719 0.549805 0.035937 0.044922
1 0.157812 0.524414 0.028125 0.064453
2 0.546875 0.476562 0.068750 0.074219
2 0.342969 0.478516 0.060937 0.046875
2 0.185156 0.477539 0.042188 0.083984
2 0.043750 0.500977 0.087500 0.119141
0 0.579688 0.525391 0.075000 0.203125
0 0.257031 0.494141 0.045312 0.152344
0 0.150000 0.475586 0.040625 0.115234
2 0.509375 0.480469 0.025000 0.046875
2 0.496094 0.477539 0.023438 0.041016
2 0.376563 0.469727 0.034375 0.041016