0 0.974219 0.499023 0.045312 0.138672
0 0.848437 0.498047 0.037500 0.128906
0 0.822656 0.506836 0.026562 0.119141
0 0.792969 0.493164 0.026562 0.072266
0 0.762500 0.508789 0.037500 0.115234
0 0.730469 0.518555 0.029687 0.107422
0 0.704688 0.515625 0.025000 0.070312
0 0.683594 0.511719 0.023438 0.070312
0 0.664062 0.512695 0.021875 0.072266
0 0.645312 0.511719 0.021875 0.070312
0 0.630469 0.519531 0.020313 0.066406
0 0.610938 0.520508 0.021875 0.064453
0 0.594531 0.521484 0.020313 0.062500
0 0.554688 0.490234 0.018750 0.054688
0 0.535156 0.505859 0.023438 0.058594
2 0.435156 0.470703 0.023438 0.023438
2 0.416406 0.460938 0.020313 0.027344
2 0.473438 0.533203 0.106250 0.105469
2 0.395313 0.484375 0.028125 0.031250
0 0.379688 0.506836 0.021875 0.052734
2 0.360938 0.502930 0.021875 0.037109
2 0.328125 0.507812 0.043750 0.042969
0 0.260156 0.516602 0.017188 0.044922
0 0.238281 0.505859 0.017188 0.050781
0 0.226562 0.512695 0.015625 0.048828
2 0.171094 0.531250 0.042188 0.046875
2 0.129688 0.527344 0.025000 0.058594
2 0.403125 0.530273 0.031250 0.072266