2 0.116406 0.542969 0.232813 0.218750
2 0.261719 0.481445 0.070312 0.072266
2 0.175781 0.447266 0.107813 0.066406
0 0.631250 0.476562 0.034375 0.121094
0 0.655469 0.464844 0.014063 0.062500
0 0.671094 0.466797 0.017188 0.054688
2 0.460156 0.453125 0.032813 0.031250
2 0.489844 0.459961 0.032813 0.037109
2 0.514062 0.453125 0.028125 0.023438
2 0.291406 0.458984 0.039062 0.046875
0 0.760156 0.481445 0.026562 0.052734
0 0.360938 0.453125 0.018750 0.042969
0 0.375781 0.454102 0.014063 0.044922
0 0.396875 0.453125 0.012500 0.039062
0 0.385937 0.450195 0.012500 0.044922
1 0.632031 0.515625 0.023438 0.070312