2 0.596875 0.498047 0.162500 0.148438
2 0.324219 0.461914 0.057813 0.056641
2 0.383594 0.464844 0.039062 0.046875
0 0.413281 0.467773 0.048438 0.119141
0 0.239844 0.454102 0.020313 0.060547
0 0.767969 0.442383 0.035937 0.072266
0 0.661719 0.442383 0.014063 0.041016
0 0.646094 0.432617 0.014063 0.029297
0 0.530469 0.440430 0.017188 0.048828
0 0.942969 0.420898 0.017188 0.025391
1 0.425000 0.477539 0.009375 0.029297
1 0.901563 0.494141 0.046875 0.117188
1 0.723437 0.481445 0.025000 0.052734
0 0.732031 0.451172 0.010937 0.019531
0 0.426563 0.445312 0.015625 0.042969
0 0.444531 0.446289 0.014063 0.037109
2 0.460156 0.447266 0.017188 0.035156
1 0.439844 0.481445 0.010937 0.025391
0 0.282031 0.456055 0.014063 0.048828
1 0.953906 0.515625 0.048438 0.074219