2 0.176563 0.547852 0.168750 0.138672
2 0.254688 0.512695 0.075000 0.091797
2 0.295312 0.491211 0.075000 0.064453
2 0.333594 0.475586 0.057813 0.064453
2 0.359375 0.459961 0.059375 0.056641
2 0.607812 0.483398 0.087500 0.072266
2 0.895312 0.724609 0.206250 0.480469
2 0.945312 0.461914 0.087500 0.044922
2 0.975000 0.437500 0.046875 0.070312
2 0.841406 0.451172 0.076563 0.085938
2 0.567969 0.455078 0.051562 0.058594
2 0.397656 0.449219 0.026562 0.035156
2 0.408594 0.440430 0.032813 0.037109
2 0.426563 0.436523 0.018750 0.037109
2 0.441406 0.429688 0.023438 0.027344
2 0.543750 0.445312 0.025000 0.039062
2 0.481250 0.421875 0.018750 0.019531