0 0.435156 0.468750 0.020313 0.058594
2 0.520312 0.467773 0.021875 0.041016
2 0.388281 0.459961 0.023438 0.025391
1 0.596875 0.495117 0.034375 0.060547
1 0.241406 0.486328 0.014063 0.046875
0 0.499219 0.468750 0.020313 0.058594
0 0.675000 0.445312 0.009375 0.027344
0 0.660937 0.445312 0.009375 0.023438
1 0.678125 0.503906 0.031250 0.046875
2 0.467969 0.462891 0.045312 0.050781
0 0.346875 0.456055 0.009375 0.029297
1 0.223438 0.487305 0.018750 0.048828
1 0.210156 0.484375 0.014063 0.046875
0 0.191406 0.480469 0.020313 0.070312
1 0.721094 0.482422 0.032813 0.035156
1 0.145313 0.490234 0.028125 0.062500