1 0.639844 0.720703 0.064062 0.246094
2 0.936719 0.625000 0.123438 0.218750
2 0.823438 0.601562 0.253125 0.195312
2 0.728125 0.572266 0.093750 0.140625
2 0.088281 0.573242 0.117188 0.099609
2 0.160938 0.561523 0.065625 0.076172
2 0.549219 0.555664 0.064062 0.083984
2 0.498437 0.553711 0.037500 0.072266
2 0.463281 0.546875 0.032813 0.054688
2 0.376563 0.534180 0.043750 0.048828
2 0.196094 0.555664 0.032813 0.060547
2 0.224219 0.552734 0.020313 0.050781
2 0.245312 0.552734 0.025000 0.042969
0 0.635156 0.560547 0.095312 0.328125
2 0.442188 0.536133 0.021875 0.052734
2 0.423438 0.535156 0.021875 0.039062