2 0.682813 0.469727 0.096875 0.076172
2 0.762500 0.497070 0.159375 0.103516
2 0.357812 0.455078 0.021875 0.027344
2 0.427344 0.456055 0.020313 0.025391
0 0.060156 0.469727 0.067187 0.166016
0 0.137500 0.463867 0.043750 0.103516
0 0.181250 0.456055 0.034375 0.099609
1 0.062500 0.528320 0.059375 0.119141
1 0.137500 0.501953 0.034375 0.070312
1 0.182812 0.485352 0.031250 0.060547
0 0.275781 0.462891 0.023438 0.054688
0 0.236719 0.457031 0.029687 0.070312
1 0.235937 0.485352 0.028125 0.037109
1 0.278125 0.481445 0.021875 0.033203