2 0.056250 0.601562 0.112500 0.195312
2 0.278125 0.477539 0.053125 0.056641
2 0.452344 0.462891 0.045312 0.046875
0 0.642969 0.502930 0.029687 0.087891
2 0.591406 0.465820 0.042188 0.056641
2 0.594531 0.479492 0.035937 0.064453
2 0.740625 0.507812 0.143750 0.093750
2 0.839844 0.498047 0.085938 0.070312
2 0.855469 0.554688 0.051562 0.101562
2 0.951562 0.565430 0.090625 0.146484
0 0.807031 0.644531 0.082812 0.292969
1 0.814844 0.740234 0.048438 0.171875
0 0.215625 0.484375 0.025000 0.062500
2 0.321875 0.458008 0.018750 0.029297
2 0.332031 0.454102 0.020313 0.025391
0 0.483594 0.457031 0.017188 0.042969