2 0.031250 0.500977 0.062500 0.115234
2 0.082031 0.470703 0.164062 0.148438
2 0.192188 0.488281 0.053125 0.066406
2 0.209375 0.478516 0.087500 0.082031
2 0.634375 0.485352 0.106250 0.083984
2 0.620313 0.500977 0.050000 0.064453
2 0.695312 0.488281 0.096875 0.101562
2 0.713281 0.512695 0.048438 0.083984
2 0.838281 0.489258 0.223438 0.150391
2 0.889062 0.512695 0.193750 0.154297
2 0.961719 0.526367 0.070312 0.162109
0 0.311719 0.455078 0.017188 0.058594
0 0.347656 0.456055 0.017188 0.056641
2 0.550000 0.462891 0.031250 0.027344
2 0.221875 0.463867 0.115625 0.076172