0 0.171875 0.482422 0.034375 0.140625
0 0.153906 0.460938 0.023438 0.070312
0 0.880469 0.503906 0.039062 0.117188
2 0.973437 0.505859 0.050000 0.089844
2 0.784375 0.493164 0.075000 0.087891
2 0.746094 0.491211 0.060937 0.064453
2 0.716406 0.483398 0.048438 0.056641
2 0.424219 0.471680 0.035937 0.044922
2 0.392969 0.465820 0.051562 0.068359
2 0.471875 0.458008 0.025000 0.033203
2 0.344531 0.485352 0.079687 0.095703
2 0.284375 0.498047 0.128125 0.105469
2 0.082031 0.544922 0.160938 0.253906
2 0.657813 0.474609 0.028125 0.042969
2 0.617969 0.480469 0.057813 0.066406
2 0.587500 0.470703 0.031250 0.042969
2 0.573438 0.468750 0.021875 0.031250
2 0.557031 0.461914 0.023438 0.025391