2 0.953906 0.676758 0.089063 0.322266
2 0.439844 0.474609 0.089063 0.074219
2 0.460938 0.461914 0.062500 0.080078
2 0.495312 0.454102 0.040625 0.060547
2 0.343750 0.465820 0.075000 0.072266
1 0.120313 0.521484 0.100000 0.058594
1 0.612500 0.476562 0.015625 0.035156
1 0.647656 0.475586 0.014063 0.029297
0 0.702344 0.458008 0.020313 0.041016
0 0.935937 0.458008 0.034375 0.087891
0 0.975000 0.447266 0.028125 0.105469
0 0.200000 0.460938 0.021875 0.074219
0 0.217969 0.458984 0.020313 0.078125
0 0.292969 0.456055 0.017188 0.052734
0 0.776563 0.435547 0.021875 0.035156
0 0.643750 0.442383 0.021875 0.033203
0 0.612500 0.442383 0.018750 0.037109
2 0.385156 0.462891 0.035937 0.066406
0 0.169531 0.430664 0.023438 0.041016
0 0.128906 0.458008 0.048438 0.068359