2 0.035156 0.634766 0.070312 0.187500
2 0.078125 0.589844 0.153125 0.164062
2 0.232813 0.534180 0.137500 0.099609
2 0.286719 0.503906 0.070312 0.066406
2 0.318750 0.492188 0.062500 0.074219
2 0.473438 0.447266 0.031250 0.039062
2 0.618750 0.499023 0.078125 0.091797
2 0.830469 0.490234 0.092188 0.109375
2 0.922656 0.539062 0.151562 0.144531
0 0.569531 0.485352 0.029687 0.099609
0 0.546875 0.500000 0.034375 0.121094
1 0.550781 0.538086 0.023438 0.064453
2 0.385937 0.467773 0.034375 0.041016
2 0.414844 0.458008 0.029687 0.033203