2 0.969531 0.682617 0.057813 0.228516
2 0.875781 0.560547 0.232813 0.269531
0 0.742188 0.558594 0.087500 0.296875
0 0.150781 0.545898 0.067187 0.248047
0 0.114844 0.522461 0.048438 0.248047
0 0.067969 0.550781 0.057813 0.242188
2 0.233594 0.528320 0.132812 0.150391
2 0.309375 0.510742 0.087500 0.107422
2 0.402344 0.458984 0.060937 0.039062
2 0.677344 0.485352 0.067187 0.076172
2 0.620313 0.466797 0.031250 0.042969
2 0.580469 0.459961 0.029687 0.025391
2 0.333594 0.456055 0.051562 0.044922
2 0.346094 0.449219 0.048438 0.042969
2 0.464062 0.455078 0.031250 0.027344
0 0.482812 0.458008 0.018750 0.037109
2 0.533594 0.455078 0.020313 0.023438
2 0.688281 0.504883 0.048438 0.076172
2 0.638281 0.476562 0.032813 0.046875