2 0.934375 0.691406 0.128125 0.300781
2 0.839063 0.604492 0.262500 0.224609
2 0.690625 0.525391 0.121875 0.105469
2 0.659375 0.499023 0.093750 0.091797
2 0.620313 0.477539 0.050000 0.064453
2 0.512500 0.445312 0.034375 0.031250
2 0.421094 0.460938 0.035937 0.039062
2 0.438281 0.457031 0.023438 0.035156
2 0.354687 0.489258 0.062500 0.064453
2 0.232813 0.479492 0.084375 0.072266
2 0.069531 0.500977 0.060937 0.083984
2 0.094531 0.491211 0.101562 0.083984
2 0.122656 0.473633 0.117188 0.068359
2 0.269531 0.466797 0.092188 0.062500
2 0.583594 0.458984 0.051562 0.058594