2 0.078125 0.598633 0.156250 0.244141
2 0.215625 0.524414 0.146875 0.154297
2 0.301563 0.510742 0.059375 0.103516
2 0.332031 0.500977 0.029687 0.068359
2 0.414062 0.462891 0.050000 0.046875
2 0.436719 0.459961 0.029687 0.037109
2 0.464844 0.450195 0.054688 0.041016
2 0.594531 0.465820 0.048438 0.056641
2 0.808594 0.626953 0.270313 0.195312
2 0.925781 0.735352 0.145313 0.337891
2 0.956250 0.472656 0.084375 0.058594
2 0.825000 0.450195 0.137500 0.076172
2 0.728906 0.452148 0.048438 0.060547
2 0.511719 0.443359 0.020313 0.027344
2 0.533594 0.442383 0.023438 0.029297