0 0.459375 0.486328 0.028125 0.101562
0 0.417187 0.484375 0.031250 0.105469
0 0.378125 0.483398 0.040625 0.115234
2 0.914062 0.533203 0.168750 0.246094
2 0.867188 0.496094 0.246875 0.218750
2 0.720313 0.511719 0.121875 0.148438
2 0.678906 0.488281 0.185938 0.148438
2 0.551562 0.488281 0.118750 0.093750
2 0.536719 0.473633 0.129688 0.103516
2 0.254688 0.463867 0.053125 0.041016
2 0.097656 0.423828 0.054688 0.046875
2 0.089063 0.481445 0.131250 0.087891
2 0.046875 0.512695 0.093750 0.158203
0 0.345313 0.469727 0.021875 0.056641
1 0.314844 0.493164 0.023438 0.029297
0 0.314844 0.466797 0.023438 0.050781
2 0.143750 0.478516 0.046875 0.046875