1 0.785156 0.593750 0.082812 0.093750
1 0.888281 0.582031 0.092188 0.128906
1 0.503125 0.556641 0.103125 0.164062
1 0.396875 0.570312 0.071875 0.121094
1 0.268750 0.566406 0.056250 0.074219
1 0.279687 0.504883 0.040625 0.068359
1 0.203125 0.566406 0.050000 0.074219
1 0.154688 0.524414 0.031250 0.056641
0 0.835938 0.523438 0.078125 0.187500
0 0.446875 0.493164 0.115625 0.251953
0 0.275000 0.448242 0.056250 0.134766
0 0.227344 0.490234 0.057813 0.183594
0 0.153906 0.478516 0.042188 0.093750
2 0.182031 0.473633 0.054688 0.076172
2 0.042188 0.501953 0.084375 0.121094
2 0.548438 0.478516 0.081250 0.082031
2 0.354687 0.470703 0.046875 0.050781
2 0.321094 0.484375 0.067187 0.062500