2 0.931250 0.625977 0.134375 0.232422
0 0.858594 0.535156 0.035937 0.101562
0 0.835156 0.619141 0.057813 0.222656
0 0.779687 0.600586 0.065625 0.244141
2 0.642188 0.470703 0.046875 0.046875
2 0.564844 0.454102 0.029687 0.033203
2 0.429688 0.479492 0.056250 0.060547
2 0.467187 0.462891 0.037500 0.042969
2 0.339062 0.514648 0.118750 0.134766
2 0.152344 0.484375 0.154688 0.070312
2 0.246875 0.455078 0.093750 0.058594
2 0.269531 0.557617 0.123438 0.146484
2 0.144531 0.608398 0.226562 0.208984
2 0.046875 0.706055 0.090625 0.279297
2 0.740625 0.533203 0.068750 0.097656
2 0.492969 0.458984 0.023438 0.035156
2 0.517188 0.447266 0.025000 0.027344