1 0.589063 0.542969 0.034375 0.113281
1 0.503906 0.543945 0.023438 0.103516
1 0.430469 0.505859 0.020313 0.062500
0 0.471875 0.478516 0.028125 0.082031
0 0.864844 0.433594 0.023438 0.050781
0 0.785937 0.440430 0.040625 0.068359
0 0.753125 0.438477 0.028125 0.056641
2 0.158594 0.510742 0.154688 0.115234
2 0.242969 0.495117 0.060937 0.087891
2 0.275781 0.485352 0.045312 0.072266
2 0.448437 0.472656 0.015625 0.023438
1 0.942187 0.532227 0.100000 0.205078
1 0.842969 0.552734 0.082812 0.136719
1 0.770312 0.532227 0.053125 0.107422
1 0.725000 0.509766 0.040625 0.078125
1 0.639844 0.490234 0.023438 0.062500
1 0.619531 0.494141 0.023438 0.070312
0 0.592969 0.434570 0.042188 0.115234
0 0.504687 0.449219 0.043750 0.093750
0 0.426563 0.454102 0.025000 0.052734
2 0.406250 0.474609 0.021875 0.031250
2 0.385937 0.465820 0.018750 0.025391
1 0.075000 0.515625 0.018750 0.054688
1 0.055469 0.506836 0.023438 0.060547