2 0.853906 0.512695 0.107813 0.091797
2 0.974219 0.570312 0.048438 0.117188
2 0.664062 0.506836 0.109375 0.126953
2 0.596875 0.485352 0.046875 0.060547
2 0.318750 0.486328 0.084375 0.074219
2 0.202344 0.497070 0.135937 0.162109
2 0.098437 0.541016 0.150000 0.164062
2 0.022656 0.550781 0.045312 0.242188
2 0.367188 0.481445 0.040625 0.056641
2 0.437500 0.463867 0.037500 0.052734
2 0.571875 0.477539 0.031250 0.041016
2 0.470313 0.462891 0.025000 0.027344
2 0.546875 0.465820 0.025000 0.025391
2 0.350781 0.486328 0.032813 0.062500
2 0.389062 0.474609 0.025000 0.050781
2 0.416406 0.472656 0.026562 0.039062
2 0.955469 0.507812 0.073438 0.105469
2 0.901563 0.503906 0.075000 0.078125