0 0.933594 0.506836 0.026562 0.220703
0 0.911719 0.499023 0.026562 0.193359
0 0.857031 0.517578 0.026562 0.214844
0 0.814844 0.495117 0.057813 0.216797
0 0.679688 0.461914 0.028125 0.103516
0 0.617188 0.487305 0.025000 0.083984
0 0.594531 0.477539 0.023438 0.103516
0 0.576562 0.474609 0.018750 0.093750
2 0.451562 0.469727 0.028125 0.029297
2 0.442969 0.457031 0.010937 0.019531
2 0.423438 0.457031 0.009375 0.019531
2 0.400781 0.464844 0.010937 0.019531
2 0.372656 0.466797 0.010937 0.019531
2 0.364063 0.466797 0.015625 0.015625
2 0.353125 0.470703 0.015625 0.019531
2 0.342969 0.474609 0.010937 0.019531
2 0.332031 0.476562 0.014063 0.023438
2 0.317969 0.477539 0.017188 0.029297
2 0.300000 0.469727 0.021875 0.044922
2 0.260937 0.488281 0.084375 0.074219
0 0.982812 0.483398 0.031250 0.248047