2 0.026562 0.583008 0.053125 0.208984
2 0.091406 0.574219 0.135937 0.152344
2 0.171094 0.509766 0.085938 0.066406
2 0.222656 0.480469 0.079687 0.046875
2 0.224219 0.576172 0.198437 0.167969
2 0.331250 0.496094 0.093750 0.117188
2 0.386719 0.474609 0.045312 0.074219
2 0.460938 0.451172 0.034375 0.039062
2 0.900000 0.806641 0.196875 0.375000
2 0.782813 0.656250 0.303125 0.261719
2 0.660156 0.547852 0.192188 0.181641
2 0.559375 0.499023 0.068750 0.083984
2 0.570312 0.512695 0.050000 0.087891
2 0.507812 0.452148 0.037500 0.044922
2 0.536719 0.466797 0.060937 0.066406
2 0.666406 0.433594 0.057813 0.031250
0 0.476562 0.463867 0.025000 0.052734
0 0.992969 0.423828 0.010937 0.042969
0 0.978906 0.421875 0.014063 0.039062