2 0.414062 0.489258 0.075000 0.072266
2 0.395313 0.467773 0.062500 0.072266
2 0.167969 0.462891 0.057813 0.058594
2 0.128125 0.484375 0.071875 0.070312
0 0.784375 0.508789 0.053125 0.099609
0 0.668750 0.496094 0.037500 0.093750
0 0.277344 0.448242 0.020313 0.052734
0 0.239844 0.458008 0.020313 0.060547
0 0.221875 0.457031 0.018750 0.062500
2 0.974219 0.501953 0.048438 0.113281
2 0.078125 0.456055 0.021875 0.056641
2 0.055469 0.457031 0.020313 0.058594
2 0.028906 0.464844 0.057813 0.066406
2 0.357031 0.459961 0.029687 0.041016
2 0.361719 0.466797 0.023438 0.050781