0 0.035937 0.550781 0.062500 0.242188
2 0.107813 0.517578 0.100000 0.167969
2 0.181250 0.507812 0.100000 0.128906
2 0.252344 0.507812 0.079687 0.089844
2 0.309375 0.499023 0.062500 0.068359
2 0.378906 0.480469 0.054688 0.050781
2 0.807031 0.480469 0.107813 0.109375
2 0.883594 0.477539 0.092188 0.123047
0 0.433594 0.476562 0.023438 0.062500
2 0.409375 0.476562 0.025000 0.039062
2 0.451562 0.471680 0.021875 0.033203
2 0.461719 0.468750 0.023438 0.027344
2 0.578906 0.465820 0.032813 0.033203
2 0.480469 0.459961 0.023438 0.025391
2 0.491406 0.458008 0.020313 0.025391
0 0.537500 0.464844 0.012500 0.023438
2 0.750781 0.469727 0.051562 0.044922
2 0.945312 0.474609 0.093750 0.144531
2 0.642969 0.462891 0.023438 0.039062
0 0.549219 0.461914 0.014063 0.041016