2 0.940625 0.769531 0.112500 0.296875
2 0.857812 0.656250 0.278125 0.265625
2 0.750000 0.570312 0.165625 0.136719
2 0.697656 0.513672 0.117188 0.128906
2 0.642188 0.502930 0.068750 0.123047
2 0.600000 0.475586 0.065625 0.076172
2 0.376563 0.464844 0.056250 0.066406
2 0.346875 0.483398 0.050000 0.072266
2 0.325000 0.498047 0.050000 0.078125
2 0.295312 0.503906 0.059375 0.078125
2 0.242188 0.526367 0.100000 0.103516
2 0.131250 0.554688 0.206250 0.167969
2 0.029687 0.662109 0.053125 0.160156
0 0.544531 0.455078 0.020313 0.062500
0 0.529687 0.458008 0.021875 0.052734
2 0.419531 0.453125 0.026562 0.039062
2 0.839844 0.485352 0.070312 0.076172
2 0.765625 0.472656 0.050000 0.054688
2 0.157812 0.451172 0.059375 0.031250
2 0.113281 0.453125 0.048438 0.027344