0 0.814063 0.473633 0.028125 0.060547
0 0.427344 0.465820 0.020313 0.072266
0 0.412500 0.470703 0.021875 0.070312
0 0.392969 0.468750 0.023438 0.074219
0 0.632812 0.539062 0.040625 0.160156
2 0.071875 0.483398 0.143750 0.076172
2 0.064062 0.642578 0.128125 0.218750
2 0.140625 0.567383 0.146875 0.150391
2 0.225000 0.528320 0.106250 0.107422
2 0.308594 0.502930 0.132812 0.076172
2 0.317188 0.462891 0.071875 0.035156
2 0.354687 0.453125 0.062500 0.046875
2 0.555469 0.470703 0.042188 0.054688
2 0.582812 0.482422 0.053125 0.058594
2 0.734375 0.546875 0.165625 0.179688
2 0.950000 0.471680 0.093750 0.087891
2 0.896094 0.717773 0.204687 0.333984
2 0.526563 0.447266 0.025000 0.031250
2 0.605469 0.505859 0.048438 0.089844