2 0.464844 0.529297 0.242188 0.105469
2 0.251563 0.478516 0.071875 0.070312
2 0.187500 0.463867 0.068750 0.072266
2 0.391406 0.467773 0.051562 0.041016
2 0.517969 0.472656 0.048438 0.058594
0 0.722656 0.456055 0.029687 0.076172
0 0.693750 0.451172 0.025000 0.070312
0 0.668750 0.453125 0.031250 0.054688
0 0.121094 0.470703 0.026562 0.070312
0 0.100781 0.471680 0.023438 0.076172
2 0.950000 0.518555 0.096875 0.083984
0 0.584375 0.429688 0.021875 0.031250
0 0.559375 0.428711 0.018750 0.029297
0 0.538281 0.431641 0.020313 0.035156
2 0.581250 0.458984 0.075000 0.031250