2 0.252344 0.458984 0.085938 0.058594
2 0.153125 0.458008 0.059375 0.064453
2 0.048438 0.458008 0.093750 0.083984
2 0.610156 0.485352 0.054688 0.052734
2 0.539844 0.460938 0.032813 0.031250
2 0.875000 0.573242 0.243750 0.279297
2 0.757812 0.538086 0.109375 0.154297
2 0.700000 0.519531 0.087500 0.105469
0 0.383594 0.458984 0.020313 0.054688
2 0.283594 0.453125 0.067187 0.054688
2 0.168750 0.449219 0.071875 0.070312
2 0.070312 0.450195 0.093750 0.087891
2 0.482812 0.455078 0.025000 0.023438
2 0.604688 0.470703 0.043750 0.046875
2 0.583594 0.469727 0.023438 0.041016
2 0.657813 0.505859 0.068750 0.089844