2 0.111719 0.468750 0.070312 0.082031
2 0.157031 0.486328 0.054688 0.066406
2 0.065625 0.494141 0.131250 0.160156
2 0.464844 0.478516 0.092188 0.082031
2 0.477344 0.495117 0.045312 0.072266
2 0.595313 0.486328 0.112500 0.125000
2 0.805469 0.501953 0.210938 0.183594
2 0.870313 0.530273 0.237500 0.185547
2 0.936719 0.558594 0.123438 0.238281
1 0.260937 0.494141 0.031250 0.089844
1 0.236719 0.508789 0.042188 0.103516
0 0.236719 0.467773 0.035937 0.138672
0 0.259375 0.466797 0.028125 0.136719
0 0.525000 0.486328 0.043750 0.183594
0 0.677344 0.540039 0.095312 0.326172
2 0.394531 0.471680 0.042188 0.060547
0 0.348438 0.471680 0.021875 0.083984
0 0.315625 0.470703 0.021875 0.078125
2 0.026562 0.369141 0.053125 0.062500