0 0.815625 0.470703 0.065625 0.125000
2 0.575781 0.454102 0.076563 0.072266
2 0.524219 0.438477 0.032813 0.064453
2 0.507031 0.426758 0.026562 0.056641
2 0.489063 0.421875 0.021875 0.054688
2 0.472656 0.362305 0.026562 0.025391
2 0.471875 0.393555 0.028125 0.037109
2 0.453125 0.363281 0.018750 0.027344
2 0.425000 0.365234 0.025000 0.027344
2 0.365625 0.360352 0.034375 0.033203
2 0.345313 0.378906 0.025000 0.035156
2 0.336719 0.389648 0.029687 0.033203
2 0.325781 0.396484 0.035937 0.035156
2 0.316406 0.413086 0.032813 0.041016
2 0.291406 0.423828 0.051562 0.046875
2 0.224219 0.453125 0.085938 0.074219
2 0.100781 0.424805 0.073438 0.056641
2 0.043750 0.422852 0.028125 0.060547
0 0.677344 0.433594 0.023438 0.031250