1 0.586719 0.475586 0.029687 0.044922
1 0.542188 0.476562 0.034375 0.042969
0 0.571875 0.427734 0.018750 0.054688
2 0.630469 0.444336 0.104688 0.060547
2 0.527344 0.432617 0.079687 0.060547
2 0.476562 0.440430 0.025000 0.033203
2 0.467969 0.425781 0.029687 0.042969
2 0.444531 0.427734 0.026562 0.039062
2 0.410156 0.425781 0.026562 0.035156
0 0.391406 0.450195 0.020313 0.083984
0 0.374219 0.448242 0.017188 0.083984
0 0.330469 0.411133 0.010937 0.025391
0 0.320312 0.410156 0.012500 0.027344
2 0.137500 0.433594 0.040625 0.046875