2 0.628125 0.500000 0.053125 0.093750
0 0.578906 0.466797 0.023438 0.062500
0 0.548438 0.466797 0.018750 0.050781
0 0.442188 0.462891 0.021875 0.054688
0 0.290625 0.458008 0.021875 0.072266
0 0.257812 0.459961 0.025000 0.091797
0 0.235937 0.459961 0.025000 0.087891
0 0.213281 0.458984 0.029687 0.089844
0 0.189062 0.458008 0.028125 0.083984
0 0.157812 0.416992 0.028125 0.041016
2 0.693750 0.513672 0.137500 0.136719
0 0.863281 0.460938 0.020313 0.039062
0 0.509375 0.456055 0.015625 0.037109
0 0.521875 0.457031 0.012500 0.039062
0 0.529687 0.457031 0.009375 0.039062
0 0.354687 0.446289 0.018750 0.041016
1 0.051562 0.527344 0.028125 0.054688
1 0.022656 0.556641 0.032813 0.058594
1 0.371094 0.477539 0.023438 0.029297