2 0.860938 0.543945 0.275000 0.232422
2 0.697656 0.450195 0.032813 0.037109
0 0.642188 0.454102 0.018750 0.044922
0 0.609375 0.461914 0.015625 0.037109
2 0.617188 0.458008 0.034375 0.041016
2 0.446875 0.469727 0.046875 0.052734
2 0.411719 0.462891 0.020313 0.031250
2 0.251563 0.482422 0.046875 0.046875
2 0.199219 0.486328 0.045312 0.039062
2 0.503906 0.468750 0.032813 0.031250
2 0.366406 0.466797 0.023438 0.027344
2 0.342187 0.469727 0.021875 0.033203
2 0.317969 0.472656 0.029687 0.039062
2 0.284375 0.475586 0.021875 0.037109