0 0.050781 0.438477 0.020313 0.076172
0 0.271875 0.467773 0.025000 0.072266
0 0.357812 0.451172 0.021875 0.046875
2 0.887500 0.636719 0.218750 0.296875
0 0.589063 0.458984 0.012500 0.031250
0 0.578125 0.458984 0.012500 0.027344
0 0.567969 0.458008 0.014063 0.029297
0 0.706250 0.464844 0.018750 0.035156
0 0.696875 0.469727 0.018750 0.056641
0 0.660937 0.455078 0.018750 0.031250
0 0.338281 0.429688 0.020313 0.027344
0 0.405469 0.455078 0.020313 0.046875
0 0.388281 0.456055 0.020313 0.044922
2 0.632812 0.478516 0.056250 0.066406
2 0.771875 0.543945 0.181250 0.201172
0 0.509375 0.457031 0.012500 0.031250
1 0.224219 0.477539 0.032813 0.041016
0 0.446875 0.453125 0.015625 0.035156