2 0.868750 0.469727 0.034375 0.087891
0 0.957812 0.492188 0.062500 0.265625
0 0.908594 0.508789 0.070312 0.251953
0 0.815625 0.494141 0.075000 0.230469
0 0.767188 0.486328 0.037500 0.183594
0 0.727344 0.500977 0.060937 0.240234
0 0.677344 0.498047 0.057813 0.187500
0 0.210156 0.486328 0.020313 0.058594
0 0.441406 0.461914 0.023438 0.060547
0 0.125781 0.487305 0.023438 0.033203
0 0.109375 0.497070 0.021875 0.052734
0 0.628906 0.460938 0.026562 0.074219
0 0.605469 0.451172 0.023438 0.046875
0 0.554688 0.453125 0.021875 0.050781