2 0.225000 0.482422 0.137500 0.054688
2 0.303125 0.463867 0.050000 0.044922
2 0.270313 0.453125 0.078125 0.046875
2 0.365625 0.489258 0.075000 0.091797
2 0.421875 0.476562 0.046875 0.042969
2 0.333594 0.508789 0.073438 0.095703
2 0.285156 0.532227 0.104688 0.107422
2 0.217188 0.568359 0.153125 0.148438
2 0.121094 0.630859 0.185938 0.222656
2 0.028906 0.674805 0.057813 0.294922
2 0.132031 0.462891 0.085938 0.050781
0 0.675000 0.527344 0.034375 0.144531
0 0.656250 0.534180 0.031250 0.126953
0 0.628906 0.527344 0.032813 0.136719
2 0.782031 0.575195 0.173437 0.146484
2 0.726562 0.531250 0.096875 0.117188
2 0.597656 0.460938 0.042188 0.046875
2 0.539844 0.457031 0.032813 0.039062
2 0.449219 0.460938 0.029687 0.035156
2 0.475000 0.458984 0.021875 0.031250