2 0.135156 0.624023 0.270313 0.314453
2 0.292969 0.535156 0.101562 0.128906
2 0.343750 0.511719 0.090625 0.093750
2 0.913281 0.662109 0.167187 0.230469
2 0.803906 0.576172 0.154688 0.132812
2 0.721094 0.535156 0.126562 0.093750
2 0.671875 0.501953 0.075000 0.070312
0 0.604688 0.525391 0.043750 0.117188
0 0.525000 0.500000 0.043750 0.128906
2 0.445312 0.455078 0.031250 0.035156
0 0.460938 0.455078 0.018750 0.039062
0 0.410938 0.451172 0.018750 0.046875
2 0.949219 0.504883 0.098437 0.076172
2 0.375781 0.500000 0.051562 0.082031
2 0.403906 0.491211 0.029687 0.064453
0 0.398438 0.442383 0.018750 0.029297
1 0.517969 0.541992 0.020313 0.068359