2 0.817187 0.460938 0.037500 0.078125
2 0.925781 0.453125 0.145313 0.144531
2 0.949219 0.489258 0.098437 0.123047
0 0.639844 0.458984 0.020313 0.066406
0 0.692969 0.475586 0.045312 0.166016
0 0.738281 0.477539 0.035937 0.158203
0 0.764062 0.485352 0.031250 0.166016
0 0.789062 0.472656 0.040625 0.179688
0 0.305469 0.482422 0.026562 0.050781
0 0.278125 0.484375 0.025000 0.050781
0 0.126562 0.487305 0.021875 0.037109
0 0.112500 0.497070 0.031250 0.056641
0 0.617188 0.461914 0.025000 0.068359
0 0.605469 0.465820 0.023438 0.060547
0 0.550781 0.453125 0.020313 0.042969
0 0.572656 0.460938 0.029687 0.054688