0 0.865625 0.477539 0.043750 0.060547
1 0.870313 0.529297 0.050000 0.039062
0 0.650000 0.472656 0.018750 0.066406
2 0.546094 0.492188 0.060937 0.070312
2 0.528125 0.477539 0.059375 0.076172
2 0.495312 0.480469 0.021875 0.031250
2 0.482812 0.476562 0.018750 0.031250
2 0.469531 0.468750 0.017188 0.019531
2 0.423438 0.472656 0.021875 0.023438
2 0.389062 0.472656 0.021875 0.031250
2 0.378125 0.476562 0.021875 0.031250
2 0.356250 0.477539 0.025000 0.041016
2 0.280469 0.484375 0.129688 0.148438
2 0.028906 0.482422 0.057813 0.070312
2 0.121875 0.550781 0.243750 0.210938