2 0.832031 0.476562 0.029687 0.058594
2 0.810937 0.465820 0.059375 0.064453
2 0.925000 0.446289 0.140625 0.138672
2 0.950000 0.486328 0.096875 0.121094
0 0.683594 0.466797 0.029687 0.117188
0 0.627344 0.466797 0.020313 0.085938
0 0.602344 0.460938 0.026562 0.093750
0 0.221094 0.488281 0.029687 0.078125
0 0.196094 0.498047 0.026562 0.066406
0 0.169531 0.482422 0.020313 0.046875
0 0.377344 0.461914 0.014063 0.025391
0 0.407031 0.461914 0.014063 0.025391
0 0.127344 0.487305 0.020313 0.029297
2 0.731250 0.466797 0.034375 0.062500