0 0.934375 0.610352 0.106250 0.419922
0 0.533594 0.482422 0.057813 0.128906
0 0.709375 0.463867 0.025000 0.083984
0 0.319531 0.627930 0.132812 0.572266
2 0.278125 0.460938 0.075000 0.058594
2 0.580469 0.475586 0.060937 0.064453
0 0.479687 0.451172 0.012500 0.042969
0 0.469531 0.450195 0.020313 0.037109
0 0.039844 0.440430 0.023438 0.033203
0 0.061719 0.438477 0.020313 0.029297
0 0.079687 0.437500 0.018750 0.027344
0 0.100000 0.442383 0.018750 0.033203
0 0.863281 0.445312 0.023438 0.042969
0 0.982812 0.449219 0.025000 0.046875
0 0.689063 0.461914 0.021875 0.072266