2 0.063281 0.627930 0.126562 0.259766
2 0.264062 0.514648 0.131250 0.138672
2 0.339062 0.502930 0.040625 0.064453
2 0.360156 0.493164 0.045312 0.056641
2 0.386719 0.488281 0.026562 0.050781
2 0.398438 0.471680 0.043750 0.060547
2 0.642188 0.508789 0.078125 0.083984
2 0.746094 0.564453 0.179688 0.156250
2 0.894531 0.790039 0.207813 0.416016
0 0.035156 0.473633 0.023438 0.068359
1 0.048438 0.496094 0.021875 0.023438
0 0.423438 0.470703 0.021875 0.058594
2 0.614844 0.483398 0.051562 0.056641
2 0.892188 0.468750 0.046875 0.085938