2 0.175000 0.434570 0.068750 0.072266
2 0.234375 0.411133 0.040625 0.041016
2 0.288281 0.428711 0.051562 0.052734
2 0.445312 0.445312 0.059375 0.062500
2 0.596094 0.461914 0.067187 0.076172
2 0.220312 0.486328 0.112500 0.113281
0 0.868750 0.444336 0.043750 0.099609
0 0.834375 0.435547 0.031250 0.089844
0 0.798438 0.438477 0.040625 0.087891
0 0.112500 0.441406 0.021875 0.085938
0 0.075000 0.437500 0.021875 0.074219
2 0.416406 0.423828 0.032813 0.050781
2 0.395313 0.423828 0.025000 0.031250
2 0.705469 0.421875 0.045312 0.042969
0 0.665625 0.407227 0.021875 0.041016
2 0.669531 0.442383 0.082812 0.041016