2 0.635938 0.500000 0.087500 0.078125
2 0.195312 0.506836 0.106250 0.087891
2 0.250000 0.501953 0.043750 0.066406
2 0.283594 0.491211 0.067187 0.072266
2 0.321875 0.479492 0.050000 0.068359
2 0.350781 0.481445 0.023438 0.052734
2 0.596875 0.494141 0.031250 0.062500
2 0.579688 0.489258 0.034375 0.052734
2 0.458594 0.478516 0.029687 0.027344
2 0.366406 0.483398 0.014063 0.041016
2 0.557813 0.483398 0.018750 0.060547
2 0.536719 0.482422 0.023438 0.035156
2 0.517969 0.478516 0.023438 0.031250
2 0.492969 0.475586 0.035937 0.029297
2 0.385937 0.479492 0.021875 0.041016
2 0.402344 0.480469 0.014063 0.027344
2 0.414062 0.478516 0.012500 0.023438
0 0.434375 0.472656 0.006250 0.019531