2 0.077344 0.483398 0.154688 0.150391
2 0.158594 0.474609 0.151562 0.125000
2 0.221094 0.470703 0.092188 0.085938
2 0.325000 0.464844 0.118750 0.062500
2 0.459375 0.453125 0.050000 0.039062
2 0.517969 0.456055 0.039062 0.037109
2 0.684375 0.464844 0.050000 0.074219
2 0.723437 0.477539 0.078125 0.107422
2 0.834375 0.477539 0.168750 0.126953
2 0.849219 0.495117 0.151562 0.123047
2 0.956250 0.472656 0.081250 0.296875
2 0.547656 0.458008 0.023438 0.025391
2 0.554688 0.450195 0.043750 0.037109
2 0.725000 0.450195 0.143750 0.103516