2 0.263281 0.533203 0.045312 0.085938
0 0.193750 0.623047 0.100000 0.257812
1 0.179688 0.717773 0.062500 0.146484
0 0.792188 0.631836 0.093750 0.322266
2 0.907031 0.721680 0.182812 0.302734
2 0.865625 0.543945 0.146875 0.130859
2 0.735938 0.555664 0.087500 0.162109
2 0.658594 0.506836 0.098437 0.095703
2 0.340625 0.510742 0.093750 0.087891
2 0.413281 0.476562 0.048438 0.058594
2 0.482812 0.464844 0.059375 0.042969
2 0.878125 0.458008 0.065625 0.033203
2 0.607812 0.482422 0.031250 0.042969
2 0.519531 0.445312 0.023438 0.027344
2 0.585938 0.454102 0.025000 0.025391
2 0.378125 0.494141 0.053125 0.062500
2 0.446875 0.464844 0.034375 0.054688
2 0.441406 0.471680 0.026562 0.052734
2 0.932031 0.522461 0.132812 0.091797
0 0.536719 0.455078 0.014063 0.031250
2 0.125000 0.566406 0.103125 0.144531
2 0.232813 0.558594 0.075000 0.109375
2 0.125781 0.523438 0.117188 0.089844