0 0.017969 0.612305 0.035937 0.208984
2 0.757031 0.583984 0.220312 0.218750
2 0.695312 0.541992 0.137500 0.169922
2 0.299219 0.524414 0.073438 0.072266
2 0.192188 0.551758 0.134375 0.130859
2 0.108594 0.602539 0.148438 0.138672
2 0.446875 0.480469 0.062500 0.054688
2 0.484375 0.472656 0.031250 0.031250
2 0.388281 0.467773 0.042188 0.037109
2 0.613281 0.505859 0.057813 0.097656
2 0.867969 0.500000 0.079687 0.089844
0 0.214844 0.466797 0.020313 0.027344
0 0.202344 0.467773 0.020313 0.025391
0 0.129688 0.503906 0.028125 0.058594
1 0.011719 0.685547 0.023438 0.101562
2 0.532813 0.466797 0.028125 0.027344
2 0.270313 0.540039 0.059375 0.087891