1 0.976562 0.562500 0.043750 0.171875
1 0.766406 0.510742 0.029687 0.087891
1 0.649219 0.507812 0.032813 0.074219
2 0.219531 0.480469 0.079687 0.066406
2 0.285938 0.476562 0.046875 0.046875
1 0.354687 0.479492 0.009375 0.025391
0 0.109375 0.471680 0.018750 0.080078
1 0.942969 0.565430 0.026562 0.177734
1 0.880469 0.559570 0.107813 0.189453
1 0.817187 0.514648 0.040625 0.103516
1 0.719531 0.531250 0.048438 0.074219
0 0.714844 0.476562 0.010937 0.035156
0 0.633594 0.491211 0.017188 0.087891
2 0.320312 0.473633 0.028125 0.041016
0 0.353125 0.455078 0.009375 0.023438
2 0.342969 0.462891 0.017188 0.031250
1 0.603125 0.489258 0.021875 0.056641
1 0.571875 0.486328 0.028125 0.066406
0 0.148438 0.480469 0.015625 0.066406
1 0.130469 0.498047 0.020313 0.050781
1 0.010937 0.516602 0.021875 0.064453