0 0.454688 0.526367 0.056250 0.169922
0 0.359375 0.482422 0.021875 0.082031
0 0.607031 0.542969 0.070312 0.187500
2 0.039844 0.639648 0.076563 0.212891
2 0.117969 0.580078 0.157812 0.164062
2 0.217188 0.535156 0.109375 0.113281
2 0.277344 0.496094 0.107813 0.117188
2 0.560156 0.461914 0.042188 0.041016
2 0.685937 0.528320 0.118750 0.166016
2 0.828906 0.603516 0.323437 0.273438
2 0.943750 0.767578 0.103125 0.281250
2 0.387500 0.461914 0.031250 0.044922
0 0.427344 0.453125 0.023438 0.054688
2 0.462500 0.441406 0.028125 0.031250
1 0.448437 0.578125 0.028125 0.101562
2 0.699219 0.439453 0.079687 0.042969
2 0.710938 0.448242 0.056250 0.037109
2 0.327344 0.481445 0.035937 0.076172
2 0.537500 0.448242 0.031250 0.041016
2 0.163281 0.463867 0.060937 0.044922