2 0.914062 0.437500 0.037500 0.042969
2 0.744531 0.454102 0.035937 0.041016
0 0.680469 0.455078 0.020313 0.042969
0 0.654687 0.463867 0.021875 0.044922
2 0.648438 0.463867 0.034375 0.037109
2 0.520312 0.473633 0.037500 0.037109
2 0.451562 0.470703 0.053125 0.054688
2 0.418750 0.462891 0.025000 0.035156
2 0.152344 0.492188 0.085938 0.082031
2 0.355469 0.470703 0.029687 0.035156
2 0.324219 0.475586 0.032813 0.033203
2 0.286719 0.478516 0.045312 0.046875
2 0.253125 0.479492 0.028125 0.037109
0 0.957031 0.428711 0.020313 0.052734
2 0.875000 0.443359 0.043750 0.042969