2 0.907813 0.600586 0.181250 0.318359
2 0.798438 0.534180 0.200000 0.177734
2 0.528125 0.476562 0.040625 0.039062
2 0.513281 0.465820 0.042188 0.037109
2 0.497656 0.451172 0.029687 0.031250
2 0.370312 0.449219 0.021875 0.031250
2 0.361719 0.455078 0.029687 0.031250
2 0.352344 0.464844 0.029687 0.035156
2 0.321875 0.474609 0.046875 0.050781
0 0.236719 0.471680 0.020313 0.056641
2 0.196875 0.449219 0.053125 0.042969
2 0.650000 0.429688 0.031250 0.027344
2 0.614062 0.426758 0.028125 0.025391
2 0.076563 0.460938 0.046875 0.046875
2 0.035937 0.470703 0.025000 0.035156