2 0.809375 0.462891 0.059375 0.074219
2 0.926562 0.448242 0.143750 0.138672
2 0.952344 0.486328 0.092188 0.121094
0 0.666406 0.466797 0.026562 0.105469
0 0.649219 0.468750 0.023438 0.082031
0 0.616406 0.466797 0.020313 0.078125
0 0.602344 0.458008 0.020313 0.060547
0 0.583594 0.461914 0.020313 0.052734
0 0.550781 0.456055 0.020313 0.044922
2 0.435156 0.460938 0.035937 0.031250
0 0.377344 0.461914 0.010937 0.029297
0 0.380469 0.460938 0.010937 0.031250
0 0.367969 0.461914 0.010937 0.029297
0 0.362500 0.461914 0.009375 0.029297
0 0.168750 0.480469 0.018750 0.046875
0 0.127344 0.487305 0.020313 0.033203