2 0.936719 0.731445 0.123438 0.166016
2 0.025000 0.763672 0.050000 0.320312
2 0.091406 0.629883 0.179688 0.349609
2 0.246094 0.486328 0.054688 0.058594
2 0.273438 0.468750 0.040625 0.046875
2 0.492188 0.497070 0.056250 0.056641
2 0.473438 0.480469 0.050000 0.062500
2 0.957031 0.524414 0.076563 0.095703
0 0.767188 0.525391 0.040625 0.082031
0 0.717969 0.511719 0.029687 0.097656
2 0.164062 0.459961 0.028125 0.056641
2 0.187500 0.458008 0.028125 0.044922
2 0.439844 0.479492 0.023438 0.033203
2 0.434375 0.472656 0.037500 0.035156
2 0.414844 0.467773 0.029687 0.029297
0 0.336719 0.458984 0.023438 0.050781