2 0.954688 0.463867 0.084375 0.091797
0 0.642188 0.467773 0.018750 0.068359
0 0.627344 0.465820 0.017188 0.072266
0 0.607812 0.470703 0.015625 0.062500
2 0.664062 0.450195 0.037500 0.048828
2 0.565625 0.451172 0.084375 0.050781
2 0.414062 0.439453 0.018750 0.023438
2 0.388281 0.436523 0.026562 0.025391
2 0.380469 0.454102 0.029687 0.029297
2 0.296875 0.470703 0.100000 0.097656
2 0.234375 0.470703 0.043750 0.066406
2 0.160938 0.474609 0.109375 0.093750
2 0.475000 0.442383 0.021875 0.025391
2 0.067969 0.477539 0.135937 0.111328