0 0.700781 0.543945 0.045312 0.146484
0 0.645312 0.504883 0.034375 0.095703
1 0.703125 0.596680 0.025000 0.087891
0 0.964063 0.464844 0.025000 0.054688
0 0.978906 0.488281 0.023438 0.054688
0 0.232031 0.464844 0.023438 0.054688
0 0.117188 0.492188 0.037500 0.097656
2 0.815625 0.477539 0.084375 0.068359
2 0.892188 0.486328 0.040625 0.054688
2 0.753906 0.520508 0.079687 0.095703
2 0.598437 0.479492 0.068750 0.052734
2 0.508594 0.461914 0.060937 0.044922
2 0.082812 0.464844 0.059375 0.050781
0 0.548438 0.454102 0.018750 0.041016
0 0.375781 0.449219 0.014063 0.031250
0 0.367969 0.449219 0.010937 0.035156
2 0.468750 0.458984 0.053125 0.035156
2 0.430469 0.455078 0.051562 0.027344
2 0.334375 0.448242 0.050000 0.033203
0 0.748437 0.462891 0.018750 0.031250
0 0.218750 0.465820 0.018750 0.056641
0 0.942969 0.477539 0.026562 0.056641