2 0.160938 0.479492 0.053125 0.087891
2 0.042969 0.501953 0.082812 0.121094
0 0.310156 0.466797 0.029687 0.070312
0 0.275781 0.480469 0.042188 0.097656
0 0.236719 0.481445 0.048438 0.115234
0 0.196875 0.489258 0.046875 0.158203
0 0.392188 0.500977 0.106250 0.197266
0 0.566406 0.532227 0.132812 0.341797
1 0.631250 0.614258 0.146875 0.216797
1 0.473438 0.647461 0.109375 0.146484
1 0.433594 0.552734 0.092188 0.128906
1 0.342187 0.574219 0.065625 0.093750
1 0.312500 0.500000 0.025000 0.046875
1 0.275781 0.520508 0.032813 0.056641
1 0.237500 0.530273 0.037500 0.064453
1 0.195312 0.541016 0.028125 0.085938