0 0.493750 0.488281 0.034375 0.121094
0 0.443750 0.488281 0.034375 0.132812
0 0.399219 0.481445 0.045312 0.134766
0 0.330469 0.454102 0.026562 0.037109
2 0.930469 0.509766 0.135937 0.277344
2 0.817969 0.513672 0.170313 0.175781
2 0.747656 0.494141 0.217188 0.175781
2 0.592187 0.493164 0.153125 0.099609
2 0.577344 0.450195 0.126562 0.056641
2 0.262500 0.464844 0.065625 0.050781
2 0.089844 0.420898 0.067187 0.052734
2 0.078906 0.477539 0.154688 0.103516
2 0.022656 0.536133 0.045312 0.087891
2 0.032031 0.500977 0.057813 0.087891