2 0.492188 0.488281 0.100000 0.097656
2 0.405469 0.453125 0.023438 0.031250
2 0.355469 0.469727 0.060937 0.044922
1 0.899219 0.506836 0.054688 0.107422
0 0.573438 0.451172 0.012500 0.042969
0 0.427344 0.467773 0.035937 0.087891
0 0.253906 0.466797 0.029687 0.066406
0 0.275781 0.468750 0.023438 0.054688
0 0.617188 0.451172 0.021875 0.054688
0 0.685156 0.459961 0.020313 0.068359
0 0.706250 0.451172 0.021875 0.050781
1 0.304688 0.484375 0.040625 0.039062
1 0.832031 0.498047 0.048438 0.109375
0 0.302344 0.468750 0.020313 0.070312
0 0.918750 0.444336 0.018750 0.076172
0 0.212500 0.460938 0.018750 0.046875
1 0.686719 0.497070 0.026562 0.060547
0 0.932031 0.447266 0.020313 0.078125