1 0.932031 0.553711 0.132812 0.259766
1 0.060156 0.532227 0.029687 0.044922
0 0.423438 0.482422 0.028125 0.085938
0 0.320312 0.482422 0.021875 0.085938
0 0.221094 0.466797 0.023438 0.054688
2 0.378125 0.471680 0.046875 0.048828
0 0.063281 0.481445 0.017188 0.052734
0 0.336719 0.461914 0.010937 0.041016
0 0.556250 0.460938 0.009375 0.039062
0 0.717187 0.450195 0.009375 0.025391
0 0.700781 0.448242 0.017188 0.029297
0 0.727344 0.442383 0.007812 0.021484
1 0.037500 0.523438 0.021875 0.062500
1 0.014844 0.521484 0.029687 0.070312