0 0.791406 0.521484 0.051562 0.117188
0 0.771094 0.584961 0.054688 0.177734
0 0.724219 0.575195 0.054688 0.212891
2 0.172656 0.468750 0.154688 0.050781
2 0.253906 0.446289 0.079687 0.044922
2 0.348438 0.505859 0.100000 0.132812
2 0.287500 0.539062 0.112500 0.136719
2 0.197656 0.582031 0.170313 0.171875
2 0.088281 0.682617 0.173437 0.306641
2 0.024219 0.457031 0.048438 0.062500
2 0.426563 0.473633 0.050000 0.056641
2 0.464062 0.460938 0.031250 0.042969
2 0.559375 0.450195 0.034375 0.041016
2 0.628125 0.467773 0.046875 0.052734
2 0.926562 0.691406 0.134375 0.265625
2 0.876563 0.587891 0.171875 0.187500