1 0.461719 0.595703 0.023438 0.117188
0 0.605469 0.556641 0.079687 0.187500
0 0.353125 0.484375 0.025000 0.078125
0 0.425000 0.459961 0.021875 0.064453
2 0.081250 0.601562 0.162500 0.195312
2 0.189844 0.547852 0.129688 0.123047
2 0.260156 0.501953 0.110937 0.113281
2 0.390625 0.468750 0.043750 0.050781
2 0.845313 0.658203 0.306250 0.359375
2 0.714063 0.550781 0.175000 0.191406
0 0.462500 0.534180 0.050000 0.177734
2 0.724219 0.450195 0.057813 0.033203
2 0.710156 0.440430 0.076563 0.044922
2 0.598437 0.469727 0.078125 0.076172
2 0.563281 0.462891 0.035937 0.042969
2 0.467187 0.442383 0.025000 0.033203
2 0.152344 0.461914 0.060937 0.041016