2 0.079687 0.593750 0.159375 0.148438
2 0.157812 0.576172 0.096875 0.101562
2 0.252344 0.562500 0.095312 0.078125
2 0.586719 0.573242 0.098437 0.095703
2 0.640625 0.617188 0.153125 0.136719
2 0.357031 0.554688 0.054688 0.050781
2 0.405469 0.550781 0.035937 0.035156
0 0.446875 0.547852 0.018750 0.041016
0 0.461719 0.547852 0.020313 0.041016
0 0.475781 0.547852 0.020313 0.037109
2 0.493750 0.554688 0.021875 0.027344
2 0.307812 0.558594 0.046875 0.062500
2 0.201563 0.537109 0.056250 0.042969
2 0.552344 0.554688 0.051562 0.066406
0 0.514844 0.555664 0.010937 0.044922