2 0.866406 0.501953 0.142187 0.105469
2 0.695312 0.476562 0.056250 0.054688
2 0.603125 0.460938 0.028125 0.031250
2 0.551562 0.464844 0.043750 0.042969
2 0.515625 0.459961 0.028125 0.033203
2 0.456250 0.472656 0.075000 0.082031
2 0.407813 0.463867 0.028125 0.033203
2 0.293750 0.470703 0.031250 0.035156
0 0.249219 0.471680 0.023438 0.044922
0 0.214062 0.468750 0.021875 0.046875
0 0.167187 0.478516 0.018750 0.035156
0 0.149219 0.480469 0.020313 0.066406
0 0.125781 0.473633 0.020313 0.052734
0 0.110937 0.471680 0.015625 0.052734
0 0.085938 0.476562 0.025000 0.062500
0 0.068750 0.477539 0.021875 0.056641
2 0.053906 0.456055 0.020313 0.029297
2 0.027344 0.477539 0.051562 0.060547