2 0.968750 0.471680 0.059375 0.064453
2 0.917969 0.454102 0.035937 0.091797
0 0.885938 0.468750 0.034375 0.156250
2 0.846875 0.445312 0.040625 0.085938
0 0.765625 0.444336 0.025000 0.103516
0 0.744531 0.444336 0.026562 0.107422
0 0.664844 0.416016 0.020313 0.058594
0 0.643750 0.416016 0.018750 0.066406
0 0.630469 0.416992 0.020313 0.064453
0 0.611719 0.423828 0.020313 0.066406
0 0.603906 0.427734 0.020313 0.050781
0 0.584375 0.423828 0.018750 0.050781
0 0.567187 0.415039 0.018750 0.033203
0 0.550000 0.420898 0.018750 0.044922
0 0.521875 0.429688 0.018750 0.054688
2 0.449219 0.444336 0.032813 0.025391
0 0.259375 0.443359 0.018750 0.035156
0 0.239844 0.436523 0.020313 0.044922
0 0.225000 0.436523 0.021875 0.052734
0 0.204687 0.434570 0.018750 0.052734
0 0.188281 0.436523 0.020313 0.056641
2 0.067187 0.491211 0.134375 0.150391