0 0.076563 0.438477 0.021875 0.083984
0 0.118750 0.438477 0.034375 0.091797
0 0.803125 0.457031 0.043750 0.105469
0 0.841406 0.450195 0.029687 0.130859
0 0.876563 0.446289 0.040625 0.103516
2 0.597656 0.461914 0.070312 0.087891
2 0.452344 0.445312 0.057813 0.062500
2 0.291406 0.427734 0.051562 0.058594
2 0.231250 0.415039 0.043750 0.044922
2 0.181250 0.439453 0.081250 0.089844
2 0.239844 0.500000 0.129688 0.128906
2 0.423438 0.426758 0.040625 0.044922
2 0.402344 0.423828 0.023438 0.039062
2 0.338281 0.408203 0.023438 0.023438
2 0.672656 0.440430 0.079687 0.044922
2 0.716406 0.425781 0.042188 0.042969