2 0.056250 0.637695 0.109375 0.244141
2 0.143750 0.574219 0.156250 0.164062
2 0.230469 0.522461 0.132812 0.138672
2 0.314063 0.497070 0.068750 0.056641
2 0.339844 0.483398 0.060937 0.056641
2 0.375781 0.470703 0.045312 0.050781
2 0.601562 0.489258 0.062500 0.056641
2 0.783594 0.603516 0.232813 0.191406
2 0.803125 0.478516 0.100000 0.066406
2 0.758594 0.478516 0.104688 0.058594
2 0.663281 0.458984 0.035937 0.039062
2 0.942187 0.517578 0.090625 0.101562
2 0.981250 0.531250 0.034375 0.144531
0 0.423438 0.463867 0.018750 0.060547