2 0.748437 0.501953 0.256250 0.226562
2 0.621875 0.500977 0.053125 0.103516
2 0.595313 0.492188 0.065625 0.085938
2 0.564063 0.486328 0.043750 0.066406
2 0.261719 0.482422 0.035937 0.058594
2 0.300000 0.479492 0.040625 0.048828
2 0.325781 0.477539 0.020313 0.037109
2 0.538281 0.481445 0.023438 0.056641
2 0.337500 0.472656 0.031250 0.035156
0 0.057813 0.496094 0.065625 0.292969
2 0.521094 0.475586 0.026562 0.052734
2 0.505469 0.469727 0.026562 0.052734
2 0.482031 0.461914 0.020313 0.033203
2 0.463281 0.466797 0.020313 0.027344
2 0.449219 0.462891 0.020313 0.027344
2 0.403906 0.465820 0.020313 0.025391
2 0.390625 0.466797 0.018750 0.027344
2 0.378125 0.466797 0.018750 0.027344
2 0.362500 0.467773 0.018750 0.029297
2 0.346875 0.470703 0.018750 0.035156
2 0.221875 0.491211 0.075000 0.064453