0 0.933594 0.334961 0.026562 0.037109
0 0.400000 0.481445 0.021875 0.072266
2 0.366406 0.461914 0.051562 0.044922
2 0.349219 0.497070 0.067187 0.072266
2 0.308594 0.510742 0.070312 0.083984
2 0.271094 0.531250 0.060937 0.117188
2 0.142187 0.554688 0.209375 0.210938
2 0.635156 0.496094 0.073438 0.074219
2 0.691406 0.537109 0.107813 0.132812
2 0.877344 0.683594 0.242188 0.292969
2 0.597656 0.474609 0.051562 0.058594
2 0.414062 0.466797 0.025000 0.042969
2 0.427344 0.459961 0.026562 0.041016
2 0.443750 0.458984 0.018750 0.027344
2 0.565625 0.453125 0.028125 0.039062
2 0.578125 0.463867 0.031250 0.041016
0 0.535156 0.445312 0.020313 0.039062