2 0.083594 0.617188 0.167187 0.203125
2 0.250000 0.530273 0.143750 0.115234
2 0.312500 0.505859 0.046875 0.078125
2 0.358594 0.473633 0.073438 0.064453
2 0.399219 0.463867 0.045312 0.041016
2 0.584375 0.471680 0.050000 0.037109
2 0.636719 0.503906 0.092188 0.078125
2 0.815625 0.501953 0.081250 0.093750
2 0.923438 0.531250 0.146875 0.109375
2 0.733594 0.557617 0.151562 0.146484
1 0.910937 0.687500 0.175000 0.195312
2 0.442188 0.455078 0.025000 0.039062
0 0.458594 0.454102 0.010937 0.044922
2 0.427344 0.459961 0.026562 0.037109
2 0.761719 0.475586 0.042188 0.041016
2 0.357812 0.492188 0.037500 0.062500