0 0.791406 0.513672 0.045312 0.121094
0 0.762500 0.560547 0.050000 0.187500
2 0.889062 0.623047 0.209375 0.226562
2 0.971094 0.750000 0.051562 0.230469
2 0.716406 0.519531 0.098437 0.148438
2 0.607812 0.482422 0.037500 0.046875
2 0.553906 0.463867 0.029687 0.029297
2 0.316406 0.461914 0.092188 0.056641
2 0.248438 0.449219 0.059375 0.050781
2 0.150000 0.458984 0.087500 0.066406
0 0.418750 0.461914 0.018750 0.041016
2 0.635938 0.497070 0.040625 0.060547
2 0.657813 0.504883 0.046875 0.076172
2 0.678125 0.510742 0.046875 0.091797
2 0.184375 0.456055 0.065625 0.064453
2 0.239844 0.463867 0.054688 0.052734
2 0.396094 0.460938 0.032813 0.035156
2 0.493750 0.458984 0.021875 0.023438