2 0.254688 0.526367 0.062500 0.099609
0 0.803906 0.630859 0.092188 0.324219
0 0.193750 0.611328 0.100000 0.238281
2 0.107031 0.573242 0.126562 0.158203
2 0.333594 0.502930 0.101562 0.091797
2 0.409375 0.472656 0.056250 0.066406
2 0.486719 0.459961 0.054688 0.041016
2 0.915625 0.749023 0.162500 0.337891
2 0.743750 0.554688 0.081250 0.183594
2 0.904687 0.555664 0.184375 0.162109
2 0.678125 0.503906 0.115625 0.101562
2 0.590625 0.447266 0.028125 0.027344
2 0.895312 0.457031 0.056250 0.039062
2 0.614844 0.478516 0.032813 0.050781
2 0.524219 0.441406 0.023438 0.031250
2 0.437500 0.469727 0.025000 0.052734
2 0.454688 0.458984 0.028125 0.054688
0 0.539062 0.455078 0.015625 0.039062
2 0.225781 0.556641 0.067187 0.113281
1 0.182031 0.713867 0.060937 0.146484