1 0.593750 0.485352 0.021875 0.064453
1 0.572656 0.500000 0.029687 0.082031
1 0.550781 0.502930 0.023438 0.068359
1 0.528906 0.504883 0.026562 0.087891
1 0.503906 0.495117 0.026562 0.068359
1 0.467969 0.481445 0.023438 0.044922
1 0.449219 0.483398 0.020313 0.044922
1 0.129688 0.497070 0.021875 0.056641
1 0.113281 0.498047 0.020313 0.058594
2 0.351562 0.466797 0.021875 0.027344
2 0.310937 0.469727 0.018750 0.025391
2 0.292969 0.474609 0.020313 0.027344
2 0.278125 0.475586 0.018750 0.029297
2 0.253906 0.476562 0.026562 0.031250