2 0.976562 0.539062 0.043750 0.125000
2 0.893750 0.480469 0.209375 0.207031
2 0.831250 0.477539 0.159375 0.154297
2 0.746875 0.494141 0.025000 0.062500
2 0.614062 0.499023 0.250000 0.330078
2 0.485938 0.482422 0.021875 0.082031
2 0.398438 0.471680 0.156250 0.173828
2 0.352344 0.489258 0.045312 0.154297
2 0.317188 0.462891 0.065625 0.167969
0 0.270313 0.507812 0.103125 0.277344
1 0.292969 0.615234 0.073438 0.113281
2 0.189062 0.395508 0.118750 0.048828
2 0.117188 0.480469 0.234375 0.269531
1 0.242188 0.626953 0.040625 0.156250