2 0.547656 0.479492 0.082812 0.076172
2 0.306250 0.477539 0.037500 0.037109
2 0.042969 0.502930 0.082812 0.119141
1 0.782813 0.584961 0.078125 0.087891
1 0.882812 0.578125 0.090625 0.121094
1 0.437500 0.554688 0.056250 0.125000
1 0.364063 0.564453 0.046875 0.082031
1 0.207813 0.555664 0.034375 0.072266
1 0.270313 0.520508 0.031250 0.056641
0 0.393750 0.490234 0.062500 0.183594
0 0.268750 0.469727 0.040625 0.115234
0 0.175781 0.462891 0.042188 0.066406
0 0.196875 0.501953 0.046875 0.148438
0 0.838281 0.522461 0.079687 0.185547
2 0.151562 0.476562 0.034375 0.078125
2 0.507031 0.480469 0.026562 0.050781
2 0.495312 0.476562 0.021875 0.042969