2 0.060937 0.526367 0.121875 0.158203
2 0.202344 0.493164 0.104688 0.099609
2 0.317969 0.479492 0.073438 0.072266
0 0.751563 0.486328 0.065625 0.160156
0 0.669531 0.489258 0.042188 0.107422
0 0.578906 0.476562 0.032813 0.082031
1 0.753125 0.541992 0.043750 0.099609
1 0.669531 0.525391 0.023438 0.058594
1 0.619531 0.511719 0.020313 0.035156
1 0.581250 0.508789 0.018750 0.041016
0 0.618750 0.480469 0.021875 0.062500
0 0.554688 0.477539 0.018750 0.044922
0 0.532031 0.480469 0.020313 0.050781
2 0.453125 0.483398 0.018750 0.021484