2 0.939063 0.576172 0.118750 0.269531
2 0.756250 0.532227 0.212500 0.166016
2 0.625781 0.493164 0.120313 0.111328
2 0.588281 0.479492 0.085938 0.099609
2 0.534375 0.481445 0.034375 0.056641
2 0.021094 0.538086 0.042188 0.119141
2 0.078906 0.518555 0.089063 0.107422
2 0.134375 0.503906 0.028125 0.089844
2 0.108594 0.451172 0.089063 0.023438
2 0.489063 0.465820 0.037500 0.041016
1 0.268750 0.500000 0.018750 0.039062
2 0.462500 0.466797 0.021875 0.027344
2 0.448437 0.464844 0.021875 0.023438
2 0.395313 0.465820 0.021875 0.025391
2 0.381250 0.465820 0.021875 0.025391
2 0.365625 0.466797 0.018750 0.027344
2 0.335156 0.465820 0.042188 0.041016
0 0.267188 0.459961 0.025000 0.044922
0 0.160938 0.499023 0.025000 0.087891