1 0.742969 0.662109 0.064062 0.191406
1 0.529687 0.685547 0.043750 0.222656
1 0.468750 0.582031 0.018750 0.093750
1 0.982812 0.620117 0.031250 0.119141
2 0.307812 0.508789 0.046875 0.044922
2 0.342187 0.501953 0.043750 0.042969
2 0.423438 0.499023 0.025000 0.025391
0 0.384375 0.497070 0.015625 0.044922
1 0.055469 0.526367 0.035937 0.076172
1 0.804688 0.568359 0.043750 0.101562
0 0.981250 0.473633 0.034375 0.162109
0 0.741406 0.475586 0.095312 0.185547
0 0.521094 0.479492 0.101562 0.197266
0 0.460938 0.470703 0.034375 0.085938