2 0.062500 0.416016 0.125000 0.089844
0 0.026562 0.441406 0.043750 0.125000
0 0.086719 0.455078 0.045312 0.117188
1 0.031250 0.495117 0.062500 0.068359
1 0.087500 0.488281 0.050000 0.054688
0 0.150000 0.441406 0.034375 0.050781
0 0.189062 0.425781 0.028125 0.070312
0 0.214062 0.441406 0.050000 0.125000
0 0.265625 0.437500 0.040625 0.101562
0 0.296875 0.443359 0.028125 0.070312
0 0.373437 0.423828 0.043750 0.042969
0 0.422656 0.428711 0.032813 0.068359
2 0.780469 0.422852 0.073438 0.076172
2 0.939844 0.434570 0.110937 0.103516
1 0.377344 0.458008 0.029687 0.033203
1 0.540625 0.448242 0.028125 0.029297
1 0.303906 0.469727 0.023438 0.029297