2 0.804688 0.472656 0.050000 0.058594
2 0.448437 0.468750 0.034375 0.031250
2 0.418750 0.467773 0.034375 0.029297
0 0.151562 0.492188 0.028125 0.058594
0 0.125781 0.496094 0.026562 0.046875
0 0.377344 0.462891 0.023438 0.042969
0 0.595313 0.455078 0.021875 0.054688
0 0.875000 0.563477 0.246875 0.505859
0 0.675000 0.464844 0.031250 0.093750
0 0.657031 0.465820 0.023438 0.099609
0 0.639062 0.464844 0.021875 0.093750
0 0.625000 0.453125 0.018750 0.050781
0 0.557813 0.458984 0.018750 0.046875
0 0.547656 0.459961 0.014063 0.048828