0 0.771094 0.472656 0.026562 0.093750
0 0.735156 0.476562 0.023438 0.093750
0 0.708594 0.467773 0.010937 0.052734
0 0.694531 0.467773 0.023438 0.064453
0 0.642969 0.463867 0.023438 0.068359
0 0.617969 0.464844 0.010937 0.039062
0 0.607031 0.465820 0.010937 0.044922
0 0.590625 0.464844 0.012500 0.046875
2 0.426563 0.475586 0.071875 0.083984
2 0.388281 0.467773 0.020313 0.025391
2 0.376563 0.469727 0.018750 0.029297
2 0.357812 0.469727 0.021875 0.029297
2 0.334375 0.471680 0.043750 0.044922
0 0.203125 0.471680 0.018750 0.029297
2 0.114062 0.524414 0.200000 0.154297