1 0.981250 0.563477 0.031250 0.201172
2 0.917188 0.491211 0.090625 0.197266
0 0.732031 0.428711 0.023438 0.025391
0 0.712500 0.433594 0.025000 0.031250
2 0.773438 0.508789 0.187500 0.146484
0 0.652344 0.499023 0.048438 0.205078
0 0.611719 0.503906 0.045312 0.210938
2 0.548438 0.489258 0.078125 0.158203
2 0.435937 0.486328 0.178125 0.148438
0 0.341406 0.482422 0.035937 0.164062
0 0.303906 0.495117 0.042188 0.189453
2 0.254688 0.500000 0.059375 0.117188
2 0.151562 0.486328 0.221875 0.148438
2 0.022656 0.490234 0.045312 0.128906