1 0.412500 0.546875 0.109375 0.082031
1 0.296094 0.548828 0.057813 0.074219
0 0.703906 0.544922 0.060937 0.195312
2 0.746094 0.535156 0.082812 0.121094
2 0.664844 0.533203 0.060937 0.117188
2 0.615625 0.511719 0.096875 0.113281
2 0.843750 0.506836 0.140625 0.103516
2 0.939063 0.502930 0.109375 0.099609
2 0.977344 0.525391 0.042188 0.078125
1 0.170313 0.559570 0.034375 0.076172
1 0.214844 0.558594 0.045312 0.074219
0 0.008594 0.358398 0.017188 0.021484
0 0.028125 0.360352 0.018750 0.025391
0 0.014844 0.360352 0.010937 0.025391