2 0.121094 0.522461 0.229687 0.185547
2 0.314844 0.498047 0.104688 0.121094
2 0.381250 0.493164 0.034375 0.068359
2 0.433594 0.465820 0.029687 0.033203
2 0.563281 0.476562 0.035937 0.039062
2 0.629687 0.491211 0.050000 0.052734
2 0.653125 0.498047 0.053125 0.070312
2 0.709375 0.522461 0.121875 0.123047
2 0.867969 0.616211 0.248438 0.255859
2 0.978125 0.779297 0.037500 0.222656
2 0.518750 0.460938 0.021875 0.027344
0 0.539062 0.479492 0.018750 0.044922
0 0.524219 0.475586 0.020313 0.044922
2 0.402344 0.486328 0.029687 0.066406
2 0.418750 0.483398 0.021875 0.052734