2 0.896875 0.636719 0.200000 0.292969
2 0.925781 0.500000 0.135937 0.101562
2 0.746875 0.483398 0.056250 0.072266
0 0.691406 0.478516 0.023438 0.070312
2 0.584375 0.463867 0.028125 0.033203
2 0.505469 0.464844 0.026562 0.042969
2 0.474219 0.466797 0.035937 0.046875
2 0.439063 0.471680 0.059375 0.068359
2 0.389062 0.477539 0.065625 0.076172
2 0.361719 0.492188 0.070312 0.089844
2 0.096094 0.546875 0.192188 0.179688
2 0.027344 0.595703 0.051562 0.156250
2 0.115625 0.450195 0.134375 0.056641
2 0.254688 0.499023 0.168750 0.169922
2 0.795312 0.488281 0.087500 0.066406
2 0.820312 0.493164 0.075000 0.068359
2 0.842969 0.497070 0.085938 0.087891
0 0.527344 0.460938 0.014063 0.039062
0 0.540625 0.461914 0.018750 0.037109
0 0.604688 0.459961 0.015625 0.029297