2 0.075000 0.602539 0.146875 0.306641
2 0.186719 0.562500 0.117188 0.167969
2 0.267969 0.540039 0.067187 0.107422
2 0.393750 0.471680 0.062500 0.068359
2 0.439063 0.461914 0.040625 0.044922
2 0.461719 0.452148 0.035937 0.056641
2 0.621094 0.478516 0.067187 0.070312
2 0.775000 0.451172 0.053125 0.058594
2 0.800781 0.456055 0.045312 0.060547
2 0.807031 0.466797 0.051562 0.074219
2 0.914844 0.454102 0.167187 0.091797
2 0.497656 0.449219 0.026562 0.031250
2 0.514844 0.445312 0.023438 0.027344
2 0.535937 0.440430 0.021875 0.025391