2 0.735938 0.515625 0.259375 0.183594
2 0.627344 0.478516 0.120313 0.128906
2 0.566406 0.465820 0.092188 0.115234
2 0.189062 0.460938 0.106250 0.089844
2 0.268750 0.458008 0.056250 0.052734
2 0.285938 0.451172 0.046875 0.058594
2 0.334375 0.447266 0.031250 0.042969
2 0.517188 0.457031 0.053125 0.058594
2 0.312500 0.452148 0.012500 0.044922
2 0.486719 0.451172 0.026562 0.046875
2 0.464844 0.446289 0.020313 0.037109
2 0.356250 0.444336 0.018750 0.037109
2 0.418750 0.426758 0.018750 0.021484
2 0.382031 0.428711 0.017188 0.021484