0 0.885156 0.510742 0.057813 0.197266
0 0.760938 0.431641 0.018750 0.046875
2 0.492969 0.506836 0.114062 0.123047
0 0.325781 0.476562 0.010937 0.023438
0 0.313281 0.477539 0.007812 0.025391
0 0.306250 0.479492 0.009375 0.025391
0 0.287500 0.474609 0.009375 0.035156
0 0.274219 0.477539 0.010937 0.029297
0 0.264844 0.476562 0.010937 0.031250
0 0.257031 0.478516 0.010937 0.035156
0 0.239844 0.482422 0.010937 0.031250
0 0.227344 0.479492 0.010937 0.029297
2 0.141406 0.496094 0.148438 0.117188
0 0.050000 0.492188 0.021875 0.078125
0 0.027344 0.495117 0.020313 0.072266
0 0.008594 0.490234 0.017188 0.054688