1 0.707812 0.597656 0.062500 0.121094
1 0.562500 0.543945 0.037500 0.080078
1 0.356250 0.492188 0.018750 0.039062
1 0.401562 0.496094 0.018750 0.031250
1 0.324219 0.477539 0.017188 0.025391
1 0.107031 0.499023 0.029687 0.083984
1 0.185938 0.490234 0.018750 0.039062
0 0.082812 0.472656 0.021875 0.070312
0 0.252344 0.467773 0.014063 0.041016
0 0.159375 0.458984 0.012500 0.035156
0 0.148438 0.459961 0.012500 0.037109
0 0.918750 0.456055 0.050000 0.115234
0 0.860938 0.468750 0.043750 0.117188
1 0.833594 0.535156 0.067187 0.093750
2 0.924219 0.566406 0.148438 0.218750
2 0.629687 0.512695 0.103125 0.115234
2 0.522656 0.494141 0.042188 0.089844
2 0.491406 0.484375 0.073438 0.078125
2 0.426563 0.472656 0.037500 0.046875
0 0.728906 0.419922 0.020313 0.031250
0 0.702344 0.499023 0.073438 0.181641
0 0.556250 0.479492 0.046875 0.138672
0 0.401562 0.454102 0.021875 0.060547
0 0.356250 0.453125 0.021875 0.046875
0 0.325000 0.457031 0.018750 0.031250
2 0.299219 0.459961 0.017188 0.021484
2 0.268750 0.460938 0.018750 0.023438
0 0.187500 0.454102 0.018750 0.041016
0 0.109375 0.440430 0.028125 0.044922