0 0.603125 0.538086 0.037500 0.115234
1 0.603125 0.637695 0.037500 0.080078
2 0.496094 0.538086 0.032813 0.037109
2 0.481250 0.530273 0.012500 0.021484
2 0.475781 0.521484 0.010937 0.019531
2 0.435156 0.515625 0.010937 0.015625
2 0.422656 0.523438 0.014063 0.015625
2 0.401562 0.531250 0.012500 0.019531
2 0.389062 0.533203 0.012500 0.019531
2 0.376563 0.537109 0.015625 0.019531
2 0.353125 0.538086 0.031250 0.029297
2 0.332031 0.540039 0.020313 0.041016
2 0.314063 0.539062 0.021875 0.039062
2 0.273438 0.534180 0.068750 0.072266
2 0.067187 0.590820 0.134375 0.193359