2 0.542188 0.490234 0.081250 0.082031
2 0.500781 0.481445 0.026562 0.064453
2 0.510938 0.469727 0.065625 0.076172
2 0.475000 0.466797 0.021875 0.054688
2 0.459375 0.466797 0.021875 0.027344
2 0.451562 0.455078 0.025000 0.039062
2 0.417969 0.452148 0.020313 0.025391
2 0.385156 0.460938 0.014063 0.015625
2 0.372656 0.462891 0.010937 0.015625
2 0.335938 0.460938 0.071875 0.093750
2 0.287500 0.478516 0.031250 0.042969
2 0.265625 0.448242 0.018750 0.033203
2 0.241406 0.449219 0.023438 0.035156
2 0.213281 0.445312 0.026562 0.042969
2 0.189062 0.446289 0.025000 0.041016
2 0.166406 0.449219 0.020313 0.039062
2 0.144531 0.444336 0.023438 0.044922
2 0.124219 0.439453 0.020313 0.042969
2 0.076563 0.444336 0.075000 0.052734