0 0.610938 0.486328 0.034375 0.113281
2 0.254688 0.510742 0.181250 0.130859
2 0.221875 0.466797 0.106250 0.078125
2 0.458594 0.460938 0.029687 0.031250
2 0.492969 0.465820 0.032813 0.041016
0 0.719531 0.484375 0.020313 0.050781
1 0.609375 0.521484 0.018750 0.062500
0 0.631250 0.466797 0.012500 0.054688
0 0.640625 0.467773 0.012500 0.056641
0 0.653125 0.471680 0.018750 0.056641
0 0.371094 0.458984 0.017188 0.046875
0 0.401562 0.458984 0.015625 0.039062
0 0.384375 0.458984 0.018750 0.042969
2 0.515625 0.459961 0.015625 0.021484