0 0.267969 0.500977 0.029687 0.130859
2 0.242969 0.507812 0.020313 0.054688
2 0.299219 0.497070 0.035937 0.072266
2 0.052344 0.540039 0.104688 0.166016
2 0.386719 0.469727 0.048438 0.056641
2 0.824219 0.476562 0.054688 0.054688
2 0.909375 0.482422 0.043750 0.054688
2 0.583594 0.468750 0.045312 0.046875
2 0.674219 0.462891 0.032813 0.046875
2 0.439063 0.463867 0.034375 0.041016
2 0.332813 0.487305 0.053125 0.064453
2 0.359375 0.478516 0.043750 0.062500
2 0.414062 0.473633 0.028125 0.041016
2 0.460938 0.461914 0.025000 0.033203
2 0.477344 0.457031 0.023438 0.031250
0 0.535937 0.461914 0.012500 0.041016
0 0.546875 0.460938 0.015625 0.046875
2 0.962500 0.476562 0.056250 0.105469