0 0.043750 0.607422 0.084375 0.273438
0 0.125781 0.608398 0.073438 0.263672
0 0.185938 0.603516 0.065625 0.281250
0 0.823438 0.629883 0.075000 0.267578
0 0.689844 0.502930 0.026562 0.087891
2 0.899219 0.540039 0.107813 0.138672
2 0.760156 0.507812 0.123438 0.097656
2 0.352344 0.469727 0.054688 0.044922
2 0.235156 0.532227 0.057813 0.103516
2 0.507812 0.460938 0.046875 0.042969
2 0.090625 0.595703 0.050000 0.183594
2 0.625781 0.463867 0.042188 0.044922
2 0.632031 0.479492 0.029687 0.041016
2 0.392969 0.452148 0.023438 0.025391
0 0.335938 0.473633 0.021875 0.056641
1 0.827344 0.708984 0.054688 0.148438