1 0.825781 0.650391 0.070312 0.101562
2 0.141406 0.532227 0.173437 0.134766
2 0.250000 0.512695 0.106250 0.095703
2 0.323437 0.494141 0.078125 0.058594
2 0.547656 0.461914 0.032813 0.037109
2 0.638281 0.502930 0.092188 0.095703
2 0.749219 0.480469 0.045312 0.070312
2 0.781250 0.493164 0.059375 0.076172
0 0.964844 0.487305 0.067187 0.158203
2 0.364844 0.487305 0.048438 0.060547
2 0.386719 0.482422 0.026562 0.054688
2 0.401562 0.472656 0.050000 0.054688
2 0.436719 0.467773 0.023438 0.041016
2 0.452344 0.465820 0.020313 0.037109
2 0.468750 0.463867 0.021875 0.029297
2 0.485938 0.460938 0.018750 0.031250