2 0.564063 0.461914 0.043750 0.041016
2 0.465625 0.440430 0.021875 0.025391
1 0.155469 0.563477 0.070312 0.087891
1 0.800781 0.530273 0.051562 0.083984
1 0.875781 0.547852 0.054688 0.083984
0 0.657813 0.470703 0.025000 0.070312
0 0.635938 0.472656 0.025000 0.074219
0 0.513281 0.466797 0.026562 0.062500
0 0.412500 0.468750 0.028125 0.058594
0 0.153906 0.517578 0.054688 0.136719
0 0.242188 0.452148 0.021875 0.041016
1 0.713281 0.553711 0.120313 0.076172
1 0.070312 0.543945 0.053125 0.052734
0 0.433594 0.440430 0.020313 0.044922
0 0.345313 0.464844 0.025000 0.054688
1 0.346094 0.495117 0.048438 0.033203
0 0.223438 0.466797 0.018750 0.050781
0 0.203125 0.452148 0.018750 0.029297
0 0.184375 0.454102 0.018750 0.029297