2 0.784375 0.480469 0.090625 0.066406
0 0.729688 0.460938 0.018750 0.039062
0 0.703125 0.459961 0.012500 0.037109
0 0.689844 0.458984 0.020313 0.039062
2 0.654687 0.461914 0.031250 0.033203
2 0.607031 0.470703 0.060937 0.070312
2 0.494531 0.474609 0.132812 0.140625
0 0.412500 0.458008 0.018750 0.041016
0 0.221094 0.478516 0.020313 0.058594
0 0.176563 0.468750 0.021875 0.046875
0 0.156250 0.466797 0.018750 0.046875
0 0.128906 0.459961 0.020313 0.044922
0 0.045312 0.499023 0.021875 0.056641
0 0.082031 0.478516 0.020313 0.050781
0 0.060937 0.458008 0.018750 0.033203
0 0.040625 0.450195 0.021875 0.029297
0 0.025000 0.457031 0.025000 0.031250
0 0.025000 0.502930 0.018750 0.048828