0 0.980469 0.522461 0.035937 0.099609
0 0.681250 0.550781 0.050000 0.128906
0 0.582031 0.478516 0.023438 0.089844
0 0.525000 0.479492 0.034375 0.091797
2 0.926562 0.714844 0.137500 0.257812
2 0.876563 0.590820 0.193750 0.185547
2 0.712500 0.539062 0.075000 0.144531
2 0.378125 0.496094 0.096875 0.113281
2 0.328906 0.528320 0.089063 0.115234
2 0.232031 0.566406 0.182812 0.156250
2 0.044531 0.699219 0.085938 0.253906
2 0.427344 0.483398 0.023438 0.056641
2 0.771875 0.553711 0.112500 0.119141
2 0.668750 0.497070 0.053125 0.064453
2 0.650781 0.486328 0.042188 0.058594
2 0.639844 0.480469 0.042188 0.066406
2 0.568750 0.458008 0.025000 0.033203
2 0.493750 0.454102 0.031250 0.033203
2 0.447656 0.483398 0.032813 0.060547
2 0.467187 0.469727 0.028125 0.044922
1 0.525781 0.506836 0.020313 0.052734