0 0.967969 0.429688 0.014063 0.039062
0 0.942187 0.438477 0.018750 0.041016
0 0.883594 0.445312 0.020313 0.066406
0 0.864062 0.416992 0.015625 0.025391
0 0.857812 0.447266 0.028125 0.070312
0 0.714063 0.465820 0.018750 0.076172
0 0.700781 0.466797 0.020313 0.082031
0 0.653906 0.465820 0.020313 0.052734
0 0.604688 0.458008 0.015625 0.037109
2 0.556250 0.480469 0.075000 0.082031
2 0.443750 0.465820 0.046875 0.052734
2 0.407813 0.458984 0.021875 0.023438
2 0.392188 0.459961 0.018750 0.025391
2 0.355469 0.471680 0.057813 0.029297
2 0.283594 0.481445 0.051562 0.056641
2 0.215625 0.481445 0.090625 0.091797
2 0.112500 0.502930 0.121875 0.126953
2 0.042969 0.537109 0.085938 0.160156