2 0.159375 0.564453 0.175000 0.148438
2 0.256250 0.530273 0.081250 0.099609
2 0.320312 0.502930 0.090625 0.068359
2 0.380469 0.468750 0.051562 0.054688
2 0.560156 0.474609 0.032813 0.050781
2 0.595313 0.485352 0.059375 0.060547
2 0.640625 0.511719 0.087500 0.078125
2 0.777344 0.495117 0.092188 0.068359
2 0.970313 0.525391 0.056250 0.101562
2 0.727344 0.478516 0.054688 0.070312
2 0.409375 0.466797 0.021875 0.035156
2 0.417187 0.458984 0.025000 0.035156
2 0.431250 0.457031 0.021875 0.031250
2 0.443750 0.455078 0.021875 0.031250
1 0.715625 0.549805 0.121875 0.099609