2 0.869531 0.632812 0.254688 0.285156
2 0.749219 0.563477 0.160938 0.158203
2 0.651563 0.493164 0.090625 0.107422
2 0.351562 0.479492 0.087500 0.068359
2 0.194531 0.484375 0.151562 0.085938
1 0.157031 0.513672 0.057813 0.054688
2 0.434375 0.464844 0.034375 0.039062
2 0.389844 0.475586 0.032813 0.052734
2 0.453125 0.461914 0.025000 0.029297
0 0.477344 0.458984 0.014063 0.031250
0 0.532813 0.461914 0.012500 0.037109
0 0.539844 0.458984 0.014063 0.035156
2 0.567187 0.462891 0.043750 0.042969
2 0.601562 0.475586 0.046875 0.060547
2 0.605469 0.491211 0.032813 0.072266
2 0.856250 0.475586 0.128125 0.025391