1 0.118750 0.674805 0.143750 0.212891
0 0.119531 0.550781 0.132812 0.308594
0 0.335938 0.503906 0.071875 0.195312
0 0.775000 0.488281 0.059375 0.214844
0 0.834375 0.487305 0.053125 0.208984
2 0.924219 0.448242 0.145313 0.150391
2 0.951562 0.481445 0.093750 0.126953
0 0.167969 0.481445 0.017188 0.041016
0 0.364063 0.465820 0.012500 0.025391
0 0.382812 0.460938 0.012500 0.027344
0 0.551562 0.459961 0.018750 0.044922
0 0.668750 0.435547 0.018750 0.039062
2 0.646094 0.450195 0.026562 0.033203
2 0.921094 0.374023 0.142187 0.060547
2 0.805469 0.462891 0.032813 0.062500
0 0.632812 0.459961 0.018750 0.060547
0 0.617969 0.460938 0.023438 0.062500
0 0.603125 0.457031 0.021875 0.058594
2 0.730469 0.457031 0.035937 0.042969