1 0.965625 0.581055 0.062500 0.138672
1 0.881250 0.611328 0.087500 0.105469
1 0.019531 0.553711 0.035937 0.115234
1 0.188281 0.546875 0.029687 0.085938
1 0.303125 0.506836 0.028125 0.060547
1 0.267969 0.516602 0.029687 0.056641
2 0.553125 0.479492 0.075000 0.083984
0 0.914062 0.510742 0.068750 0.177734
0 0.182031 0.468750 0.045312 0.093750
0 0.267188 0.454102 0.031250 0.076172
0 0.298438 0.459961 0.021875 0.052734
0 0.208594 0.453125 0.029687 0.082031
0 0.028906 0.450195 0.048438 0.107422
2 0.508594 0.480469 0.023438 0.046875
2 0.496094 0.475586 0.023438 0.041016
2 0.385156 0.473633 0.032813 0.033203
2 0.156250 0.478516 0.031250 0.082031
2 0.061719 0.507812 0.045312 0.082031