2 0.276562 0.512695 0.143750 0.119141
2 0.441406 0.466797 0.048438 0.050781
2 0.928125 0.450195 0.131250 0.150391
2 0.952344 0.485352 0.092188 0.126953
0 0.851562 0.491211 0.050000 0.181641
0 0.802344 0.490234 0.048438 0.195312
0 0.750781 0.472656 0.035937 0.144531
0 0.709375 0.479492 0.034375 0.126953
0 0.613281 0.463867 0.026562 0.072266
0 0.593750 0.470703 0.025000 0.070312
0 0.014063 0.507812 0.028125 0.097656
0 0.550781 0.460938 0.014063 0.046875
2 0.642969 0.451172 0.023438 0.031250
0 0.660156 0.451172 0.020313 0.039062
0 0.165625 0.480469 0.018750 0.042969
0 0.127344 0.489258 0.020313 0.033203
0 0.367188 0.462891 0.009375 0.031250
0 0.374219 0.466797 0.010937 0.023438
0 0.380469 0.460938 0.010937 0.031250