2 0.952344 0.466797 0.060937 0.062500
0 0.858594 0.462891 0.020313 0.058594
0 0.827344 0.454102 0.010937 0.037109
0 0.815625 0.462891 0.021875 0.078125
0 0.801562 0.448242 0.009375 0.041016
0 0.792969 0.446289 0.014063 0.041016
0 0.778125 0.445312 0.012500 0.039062
0 0.771094 0.446289 0.007812 0.037109
0 0.757812 0.445312 0.012500 0.035156
0 0.746875 0.445312 0.012500 0.027344
0 0.726562 0.451172 0.015625 0.039062
2 0.472656 0.495117 0.054688 0.064453
2 0.533594 0.496094 0.098437 0.093750
2 0.671875 0.458008 0.031250 0.025391