0 0.064844 0.491211 0.026562 0.091797
2 0.028125 0.497070 0.053125 0.083984
0 0.103125 0.490234 0.025000 0.089844
0 0.232031 0.473633 0.023438 0.056641
0 0.700000 0.476562 0.018750 0.054688
0 0.748437 0.468750 0.031250 0.074219
0 0.824219 0.504883 0.029687 0.126953
0 0.777344 0.549805 0.073438 0.271484
1 0.782813 0.635742 0.037500 0.158203
2 0.496094 0.467773 0.045312 0.037109
2 0.457031 0.481445 0.048438 0.052734
2 0.413281 0.477539 0.023438 0.029297
2 0.382031 0.481445 0.035937 0.041016
0 0.296094 0.458984 0.017188 0.027344
0 0.248438 0.473633 0.021875 0.064453
0 0.664844 0.470703 0.017188 0.046875
0 0.677344 0.473633 0.014063 0.048828