2 0.814844 0.500000 0.104688 0.089844
2 0.914062 0.526367 0.115625 0.119141
2 0.650000 0.495117 0.096875 0.099609
2 0.597656 0.472656 0.048438 0.062500
2 0.442969 0.455078 0.042188 0.042969
2 0.389844 0.471680 0.032813 0.056641
2 0.350781 0.480469 0.060937 0.070312
2 0.265625 0.482422 0.115625 0.128906
2 0.214844 0.509766 0.085938 0.128906
2 0.094531 0.522461 0.182812 0.216797
2 0.023438 0.571289 0.034375 0.181641
2 0.551562 0.456055 0.025000 0.025391
2 0.406250 0.466797 0.021875 0.042969
2 0.417969 0.465820 0.020313 0.041016
2 0.432812 0.464844 0.018750 0.039062
2 0.926562 0.474609 0.115625 0.054688
2 0.855469 0.492188 0.073438 0.074219
2 0.967969 0.545898 0.048438 0.158203
2 0.703125 0.474609 0.050000 0.058594
2 0.571094 0.468750 0.026562 0.039062
2 0.475000 0.456055 0.031250 0.029297