0 0.936719 0.659180 0.076563 0.310547
0 0.968750 0.668945 0.056250 0.294922
0 0.187500 0.545898 0.059375 0.193359
2 0.713281 0.554688 0.142187 0.164062
2 0.541406 0.598633 0.223438 0.208984
2 0.293750 0.523438 0.109375 0.078125
2 0.375781 0.511719 0.051562 0.066406
2 0.085156 0.545898 0.160938 0.166016
2 0.410938 0.507812 0.037500 0.054688
2 0.442969 0.504883 0.026562 0.041016
2 0.453125 0.495117 0.037500 0.041016
2 0.639062 0.524414 0.050000 0.076172
2 0.610156 0.499023 0.045312 0.041016
2 0.014063 0.458984 0.028125 0.089844
2 0.138281 0.459961 0.082812 0.037109
2 0.089844 0.456055 0.054688 0.029297