2 0.529687 0.490234 0.103125 0.113281
2 0.425000 0.473633 0.021875 0.025391
0 0.324219 0.474609 0.010937 0.027344
0 0.308594 0.473633 0.010937 0.025391
0 0.296875 0.470703 0.009375 0.027344
0 0.286719 0.472656 0.010937 0.035156
0 0.276562 0.471680 0.012500 0.037109
0 0.264062 0.472656 0.009375 0.035156
0 0.256250 0.470703 0.009375 0.035156
0 0.235937 0.472656 0.009375 0.031250
0 0.225000 0.472656 0.009375 0.039062
0 0.207813 0.474609 0.012500 0.042969
0 0.192969 0.475586 0.010937 0.041016
0 0.176563 0.473633 0.012500 0.048828
0 0.147656 0.480469 0.020313 0.050781
0 0.128906 0.482422 0.014063 0.046875
0 0.114844 0.483398 0.014063 0.048828
0 0.073438 0.476562 0.018750 0.062500
0 0.050000 0.480469 0.021875 0.074219
0 0.007812 0.485352 0.015625 0.072266