2 0.111719 0.600586 0.198437 0.181641
2 0.359375 0.471680 0.075000 0.076172
2 0.398438 0.470703 0.028125 0.050781
2 0.602344 0.481445 0.057813 0.052734
2 0.657813 0.509766 0.081250 0.082031
2 0.692969 0.538086 0.104688 0.103516
2 0.775000 0.578125 0.168750 0.148438
2 0.869531 0.661133 0.257812 0.263672
2 0.565625 0.450195 0.046875 0.052734
2 0.537500 0.449219 0.025000 0.027344
2 0.417969 0.457031 0.032813 0.039062
2 0.435937 0.442383 0.028125 0.037109
0 0.464062 0.447266 0.018750 0.039062
0 0.500781 0.443359 0.020313 0.039062
2 0.017969 0.638672 0.035937 0.269531