2 0.952344 0.702148 0.092188 0.232422
2 0.852344 0.600586 0.292187 0.216797
2 0.660156 0.551758 0.195312 0.123047
0 0.759375 0.485352 0.040625 0.076172
2 0.541406 0.512695 0.151562 0.103516
2 0.459375 0.498047 0.109375 0.085938
0 0.362500 0.464844 0.028125 0.066406
0 0.064062 0.448242 0.025000 0.052734
2 0.319531 0.462891 0.073438 0.058594
2 0.747656 0.438477 0.042188 0.029297
0 0.103125 0.450195 0.018750 0.052734
0 0.119531 0.441406 0.020313 0.058594
0 0.160938 0.439453 0.018750 0.054688
0 0.151562 0.443359 0.018750 0.050781