1 0.782813 0.562500 0.065625 0.093750
0 0.012500 0.486328 0.025000 0.144531
0 0.164844 0.480469 0.023438 0.082031
0 0.184375 0.477539 0.021875 0.087891
2 0.587500 0.479492 0.040625 0.044922
2 0.388281 0.476562 0.051562 0.062500
0 0.485938 0.473633 0.015625 0.041016
0 0.464062 0.472656 0.015625 0.039062
2 0.419531 0.480469 0.023438 0.039062
2 0.432812 0.477539 0.018750 0.033203
2 0.440625 0.475586 0.018750 0.033203
0 0.511719 0.470703 0.010937 0.027344
1 0.907813 0.625977 0.040625 0.068359
2 0.970313 0.506836 0.056250 0.095703
0 0.223438 0.475586 0.028125 0.060547