1 0.042188 0.552734 0.065625 0.089844
0 0.500781 0.483398 0.057813 0.154297
0 0.484375 0.482422 0.065625 0.144531
0 0.444531 0.472656 0.057813 0.148438
2 0.169531 0.477539 0.104688 0.087891
2 0.228906 0.470703 0.048438 0.066406
2 0.250000 0.464844 0.037500 0.054688
2 0.264844 0.462891 0.039062 0.050781
2 0.296875 0.456055 0.037500 0.048828
2 0.585156 0.471680 0.085938 0.083984
2 0.540625 0.461914 0.040625 0.060547
2 0.328906 0.453125 0.035937 0.039062
0 0.038281 0.444336 0.057813 0.119141
2 0.353125 0.449219 0.015625 0.031250
2 0.364844 0.448242 0.014063 0.025391
2 0.378906 0.445312 0.017188 0.027344
2 0.402344 0.444336 0.020313 0.025391
2 0.425000 0.445312 0.012500 0.015625