1 0.535937 0.568359 0.156250 0.101562
2 0.200000 0.490234 0.093750 0.082031
2 0.250781 0.484375 0.039062 0.066406
2 0.281250 0.474609 0.065625 0.070312
2 0.314844 0.464844 0.048438 0.066406
2 0.342187 0.466797 0.021875 0.054688
2 0.439844 0.469727 0.039062 0.041016
2 0.619531 0.482422 0.060937 0.074219
2 0.356250 0.467773 0.018750 0.041016
2 0.378125 0.463867 0.028125 0.037109
2 0.397656 0.462891 0.017188 0.031250
2 0.411719 0.463867 0.014063 0.021484
2 0.475781 0.458008 0.023438 0.025391
2 0.492188 0.459961 0.015625 0.021484
2 0.506250 0.466797 0.015625 0.027344
0 0.557031 0.449219 0.070312 0.136719
2 0.523438 0.468750 0.018750 0.039062