2 0.063281 0.534180 0.126562 0.138672
2 0.156250 0.499023 0.128125 0.126953
2 0.272656 0.486328 0.082812 0.066406
2 0.308594 0.469727 0.057813 0.064453
2 0.629687 0.456055 0.031250 0.044922
2 0.678125 0.452148 0.059375 0.076172
2 0.728906 0.443359 0.023438 0.054688
2 0.772656 0.444336 0.057813 0.064453
2 0.754687 0.503906 0.090625 0.128906
2 0.910156 0.501953 0.145313 0.160156
2 0.340625 0.468750 0.028125 0.058594
2 0.359375 0.470703 0.025000 0.042969
2 0.373437 0.466797 0.021875 0.042969
0 0.385156 0.467773 0.020313 0.056641
2 0.402344 0.461914 0.020313 0.033203
2 0.419531 0.456055 0.020313 0.033203
0 0.439063 0.458008 0.021875 0.041016
2 0.473438 0.454102 0.031250 0.029297
0 0.508594 0.451172 0.014063 0.031250
0 0.520312 0.457031 0.012500 0.035156