0 0.607812 0.454102 0.021875 0.025391
0 0.590625 0.458008 0.021875 0.044922
1 0.609375 0.475586 0.015625 0.021484
2 0.543750 0.482422 0.078125 0.074219
2 0.480469 0.467773 0.029687 0.037109
2 0.463281 0.459961 0.020313 0.033203
2 0.453125 0.458984 0.015625 0.019531
2 0.414062 0.457031 0.018750 0.023438
2 0.378125 0.463867 0.040625 0.052734
2 0.369531 0.473633 0.035937 0.037109
2 0.367188 0.476562 0.028125 0.035156
2 0.343750 0.478516 0.028125 0.066406
2 0.292187 0.483398 0.100000 0.107422
2 0.205469 0.486328 0.079687 0.093750
0 0.063281 0.498047 0.035937 0.125000