2 0.432031 0.478516 0.073438 0.082031
2 0.414844 0.466797 0.070312 0.078125
2 0.118750 0.482422 0.087500 0.070312
2 0.167969 0.455078 0.057813 0.062500
0 0.845313 0.506836 0.050000 0.107422
0 0.685156 0.496094 0.035937 0.109375
0 0.300781 0.444336 0.023438 0.052734
0 0.246875 0.456055 0.028125 0.060547
0 0.218750 0.456055 0.021875 0.064453
0 0.200781 0.453125 0.020313 0.078125
2 0.073438 0.449219 0.034375 0.046875
2 0.025000 0.459961 0.050000 0.064453
2 0.378906 0.456055 0.026562 0.056641
2 0.364844 0.451172 0.020313 0.039062