0 0.188281 0.476562 0.029687 0.093750
0 0.165625 0.484375 0.034375 0.105469
0 0.136719 0.471680 0.023438 0.072266
0 0.115625 0.471680 0.028125 0.052734
0 0.557031 0.486328 0.026562 0.093750
0 0.527344 0.477539 0.023438 0.076172
0 0.508594 0.477539 0.020313 0.072266
0 0.605469 0.468750 0.023438 0.042969
0 0.736719 0.491211 0.023438 0.091797
2 0.075781 0.542969 0.151562 0.164062
2 0.310937 0.523438 0.262500 0.175781
2 0.465625 0.497070 0.078125 0.076172
2 0.647656 0.493164 0.101562 0.068359
2 0.970313 0.488281 0.043750 0.035156
0 0.056250 0.450195 0.031250 0.037109
0 0.028906 0.444336 0.026562 0.033203