2 0.764062 0.538086 0.184375 0.169922
2 0.646094 0.516602 0.104688 0.103516
0 0.580469 0.459961 0.017188 0.056641
2 0.530469 0.491211 0.060937 0.072266
2 0.506250 0.445312 0.031250 0.042969
2 0.446094 0.435547 0.035937 0.039062
2 0.482031 0.421875 0.023438 0.035156
2 0.412500 0.398438 0.021875 0.035156
2 0.392188 0.431641 0.025000 0.035156
2 0.370312 0.449219 0.037500 0.046875
2 0.346875 0.418945 0.028125 0.029297
2 0.186719 0.493164 0.073438 0.083984
2 0.120313 0.501953 0.087500 0.097656
2 0.057813 0.512695 0.115625 0.111328