0 0.870313 0.492188 0.021875 0.093750
0 0.889844 0.499023 0.020313 0.076172
0 0.850781 0.490234 0.020313 0.097656
0 0.823438 0.492188 0.018750 0.105469
0 0.800781 0.493164 0.023438 0.091797
0 0.778906 0.493164 0.023438 0.087891
0 0.763281 0.490234 0.020313 0.082031
0 0.749219 0.490234 0.020313 0.082031
0 0.709375 0.490234 0.021875 0.070312
0 0.678125 0.472656 0.018750 0.054688
0 0.664062 0.495117 0.018750 0.052734
0 0.640625 0.472656 0.018750 0.039062
0 0.626563 0.466797 0.018750 0.042969
2 0.474219 0.447266 0.020313 0.023438
2 0.456250 0.490234 0.065625 0.070312
2 0.310937 0.459961 0.031250 0.029297