2 0.614062 0.541992 0.178125 0.130859
2 0.776563 0.590820 0.293750 0.181641
2 0.908594 0.683594 0.173437 0.265625
0 0.443750 0.478516 0.040625 0.078125
0 0.267188 0.451172 0.018750 0.054688
0 0.091406 0.458008 0.020313 0.052734
2 0.534375 0.463867 0.056250 0.064453
2 0.595313 0.466797 0.050000 0.062500
2 0.689063 0.472656 0.087500 0.066406
2 0.923438 0.449219 0.031250 0.039062
2 0.060156 0.456055 0.051562 0.041016
2 0.016406 0.455078 0.032813 0.046875
0 0.179688 0.449219 0.021875 0.042969
0 0.194531 0.460938 0.032813 0.050781