0 0.822656 0.598633 0.107813 0.400391
0 0.017188 0.579102 0.034375 0.326172
2 0.137500 0.545898 0.228125 0.181641
2 0.271094 0.519531 0.110937 0.132812
2 0.403125 0.461914 0.068750 0.041016
2 0.921875 0.635742 0.150000 0.416016
2 0.746094 0.536133 0.073438 0.123047
2 0.716406 0.516602 0.054688 0.083984
2 0.686719 0.492188 0.070312 0.085938
2 0.632812 0.473633 0.034375 0.037109
2 0.585938 0.461914 0.031250 0.029297
2 0.648438 0.485352 0.037500 0.044922
2 0.464062 0.459961 0.034375 0.029297
0 0.484375 0.459961 0.018750 0.033203
2 0.309375 0.457031 0.053125 0.054688
2 0.342969 0.461914 0.035937 0.037109
2 0.535937 0.458984 0.021875 0.023438
0 0.710938 0.483398 0.025000 0.044922
0 0.751563 0.469727 0.021875 0.025391
2 0.120313 0.447266 0.093750 0.066406