1 0.575000 0.548828 0.037500 0.136719
1 0.457813 0.544922 0.028125 0.121094
1 0.384375 0.500000 0.018750 0.062500
1 0.782813 0.522461 0.037500 0.076172
0 0.967187 0.432617 0.031250 0.052734
0 0.426563 0.475586 0.021875 0.099609
2 0.060156 0.507812 0.120313 0.160156
2 0.153906 0.484375 0.073438 0.109375
2 0.335938 0.462891 0.053125 0.046875
0 0.210938 0.464844 0.012500 0.042969
0 0.846875 0.427734 0.018750 0.031250
1 0.746094 0.506836 0.042188 0.107422
1 0.707031 0.506836 0.032813 0.115234
1 0.670312 0.514648 0.034375 0.103516
0 0.635156 0.451172 0.023438 0.039062
1 0.639844 0.500977 0.026562 0.064453
1 0.614062 0.493164 0.021875 0.064453
0 0.576562 0.416992 0.059375 0.134766
0 0.460156 0.431641 0.042188 0.117188
0 0.385156 0.442383 0.029687 0.060547