2 0.831250 0.560547 0.321875 0.265625
2 0.652344 0.514648 0.148438 0.142578
2 0.572656 0.499023 0.079687 0.091797
2 0.528125 0.480469 0.050000 0.050781
2 0.451562 0.475586 0.037500 0.041016
1 0.344531 0.505859 0.020313 0.042969
0 0.260156 0.451172 0.017188 0.023438
1 0.375000 0.481445 0.012500 0.025391
2 0.428125 0.465820 0.015625 0.021484
2 0.506250 0.480469 0.025000 0.046875
0 0.376563 0.461914 0.012500 0.025391
0 0.344531 0.459961 0.023438 0.052734
0 0.285938 0.464844 0.012500 0.054688
1 0.254688 0.491211 0.028125 0.044922
1 0.232031 0.490234 0.023438 0.046875
1 0.216406 0.495117 0.023438 0.060547
1 0.198437 0.484375 0.018750 0.042969
1 0.108594 0.504883 0.026562 0.087891
1 0.088281 0.505859 0.023438 0.093750
1 0.060156 0.505859 0.042188 0.093750
0 0.009375 0.480469 0.018750 0.132812