0 0.946094 0.647461 0.095312 0.447266
0 0.961719 0.698242 0.070312 0.435547
0 0.392969 0.460938 0.020313 0.054688
2 0.815625 0.543945 0.231250 0.208984
2 0.718750 0.520508 0.081250 0.123047
2 0.670312 0.514648 0.056250 0.091797
2 0.609375 0.482422 0.050000 0.050781
2 0.542188 0.459961 0.031250 0.033203
2 0.278125 0.458008 0.100000 0.056641
2 0.063281 0.462891 0.126562 0.082031
2 0.115625 0.453125 0.093750 0.078125
2 0.184375 0.462891 0.053125 0.058594
2 0.196094 0.447266 0.060937 0.058594
2 0.591406 0.470703 0.042188 0.050781
2 0.640625 0.502930 0.050000 0.068359
2 0.484375 0.454102 0.021875 0.025391