0 0.089844 0.466797 0.029687 0.078125
0 0.064844 0.466797 0.029687 0.078125
0 0.585938 0.468750 0.021875 0.062500
0 0.617188 0.500977 0.040625 0.126953
0 0.664844 0.543945 0.060937 0.111328
2 0.523438 0.470703 0.053125 0.058594
2 0.726562 0.474609 0.062500 0.066406
0 0.775781 0.508789 0.054688 0.134766
0 0.846875 0.516602 0.037500 0.162109
0 0.918750 0.519531 0.046875 0.164062
0 0.955469 0.521484 0.042188 0.167969
2 0.426563 0.448242 0.034375 0.029297
0 0.450781 0.452148 0.014063 0.037109
0 0.253125 0.449219 0.018750 0.035156
0 0.317188 0.443359 0.012500 0.031250
0 0.574219 0.466797 0.020313 0.058594