1 0.792188 0.578125 0.075000 0.132812
1 0.696875 0.591797 0.087500 0.089844
1 0.482812 0.553711 0.059375 0.115234
1 0.410938 0.562500 0.053125 0.070312
1 0.246094 0.551758 0.032813 0.064453
1 0.169531 0.540039 0.023438 0.076172
1 0.195312 0.522461 0.025000 0.056641
1 0.280469 0.515625 0.026562 0.058594
2 0.550781 0.478516 0.082812 0.082031
2 0.357812 0.473633 0.046875 0.041016
2 0.042188 0.500977 0.084375 0.115234
0 0.757031 0.503906 0.073438 0.218750
0 0.445312 0.509766 0.053125 0.167969
0 0.240625 0.494141 0.046875 0.140625
0 0.167969 0.483398 0.032813 0.119141
0 0.281250 0.469727 0.028125 0.103516
0 0.144531 0.485352 0.020313 0.056641
2 0.391406 0.469727 0.026562 0.033203
2 0.508594 0.481445 0.023438 0.044922
2 0.502344 0.474609 0.029687 0.042969