2 0.703906 0.447266 0.079687 0.062500
1 0.657031 0.481445 0.035937 0.044922
0 0.638281 0.433594 0.020313 0.066406
1 0.604688 0.483398 0.040625 0.044922
2 0.603125 0.442383 0.043750 0.048828
2 0.550781 0.437500 0.060937 0.062500
2 0.510938 0.444336 0.025000 0.029297
2 0.504687 0.428711 0.028125 0.041016
2 0.479687 0.429688 0.025000 0.039062
2 0.442969 0.431641 0.029687 0.039062
0 0.417187 0.453125 0.028125 0.105469
0 0.395313 0.458008 0.028125 0.095703
0 0.359375 0.416992 0.012500 0.025391
0 0.348438 0.418945 0.012500 0.025391
2 0.159375 0.444336 0.043750 0.041016