0 0.775000 0.449219 0.012500 0.019531
0 0.743750 0.445312 0.012500 0.023438
0 0.703906 0.460938 0.010937 0.023438
0 0.688281 0.465820 0.010937 0.025391
0 0.673438 0.471680 0.009375 0.021484
0 0.614844 0.477539 0.014063 0.044922
0 0.602344 0.482422 0.010937 0.035156
0 0.592969 0.479492 0.010937 0.025391
2 0.735156 0.494141 0.189062 0.078125
2 0.496875 0.481445 0.053125 0.056641
2 0.437500 0.488281 0.021875 0.027344
2 0.367969 0.490234 0.035937 0.035156
2 0.222656 0.498047 0.079687 0.058594
2 0.985938 0.503906 0.025000 0.054688