1 0.260937 0.705078 0.103125 0.136719
0 0.267188 0.608398 0.106250 0.255859
0 0.940625 0.747070 0.112500 0.431641
2 0.861719 0.618164 0.267188 0.279297
2 0.704688 0.521484 0.106250 0.101562
2 0.656250 0.504883 0.056250 0.072266
2 0.591406 0.453125 0.035937 0.039062
2 0.475781 0.451172 0.035937 0.035156
2 0.416406 0.468750 0.048438 0.070312
2 0.406250 0.475586 0.034375 0.068359
2 0.373437 0.484375 0.050000 0.085938
2 0.343750 0.494141 0.084375 0.093750
2 0.216406 0.514648 0.076563 0.060547
2 0.115625 0.605469 0.221875 0.207031
2 0.507812 0.442383 0.021875 0.029297
2 0.707812 0.442383 0.046875 0.033203
2 0.677344 0.440430 0.023438 0.033203