2 0.142969 0.503906 0.210938 0.125000
2 0.032031 0.472656 0.020313 0.035156
2 0.653906 0.472656 0.032813 0.125000
0 0.617188 0.467773 0.034375 0.142578
2 0.523438 0.465820 0.059375 0.072266
2 0.247656 0.470703 0.039062 0.062500
2 0.307812 0.469727 0.046875 0.037109
2 0.567187 0.475586 0.068750 0.134766
2 0.488281 0.463867 0.020313 0.041016
2 0.476562 0.460938 0.021875 0.035156
2 0.459375 0.458008 0.021875 0.029297
2 0.448437 0.456055 0.018750 0.025391
2 0.431250 0.455078 0.018750 0.023438
2 0.390625 0.458984 0.018750 0.023438
2 0.376563 0.458984 0.018750 0.023438
2 0.360938 0.458008 0.018750 0.025391
2 0.343750 0.458984 0.021875 0.031250
2 0.071875 0.471680 0.056250 0.044922
2 0.008594 0.473633 0.017188 0.041016
2 0.059375 0.450195 0.034375 0.037109