2 0.579688 0.476562 0.065625 0.062500
2 0.253125 0.462891 0.078125 0.050781
0 0.375781 0.478516 0.054688 0.128906
0 0.408594 0.588867 0.164062 0.416016
0 0.684375 0.642578 0.128125 0.273438
0 0.725781 0.466797 0.023438 0.078125
0 0.705469 0.464844 0.023438 0.078125
0 0.119531 0.503906 0.076563 0.191406
1 0.136719 0.543945 0.157812 0.126953
0 0.853906 0.441406 0.026562 0.035156
0 0.982031 0.443359 0.026562 0.039062
0 0.685156 0.455078 0.020313 0.066406
2 0.550781 0.470703 0.020313 0.046875
2 0.541406 0.466797 0.026562 0.042969
2 0.535156 0.460938 0.032813 0.050781
0 0.508594 0.452148 0.020313 0.037109
0 0.017188 0.441406 0.018750 0.070312
0 0.081250 0.436523 0.025000 0.029297
0 0.061719 0.438477 0.023438 0.029297
2 0.190625 0.464844 0.031250 0.039062