2 0.842969 0.555664 0.110937 0.150391
2 0.277344 0.518555 0.170313 0.123047
2 0.369531 0.494141 0.098437 0.109375
2 0.430469 0.490234 0.054688 0.062500
2 0.462500 0.466797 0.037500 0.054688
1 0.764844 0.608398 0.045312 0.138672
1 0.691406 0.580078 0.039062 0.109375
0 0.695312 0.521484 0.062500 0.199219
0 0.767188 0.532227 0.059375 0.197266
2 0.064844 0.514648 0.129688 0.134766
2 0.664062 0.497070 0.037500 0.060547
2 0.646094 0.484375 0.035937 0.039062
2 0.606250 0.468750 0.021875 0.027344
2 0.520312 0.466797 0.028125 0.027344
2 0.494531 0.467773 0.020313 0.037109