2 0.964063 0.429688 0.043750 0.050781
2 0.812500 0.443359 0.037500 0.042969
2 0.692187 0.457031 0.040625 0.046875
0 0.721094 0.466797 0.023438 0.050781
2 0.460156 0.471680 0.054688 0.056641
2 0.430469 0.457031 0.020313 0.031250
2 0.231250 0.485352 0.065625 0.056641
2 0.132812 0.496094 0.059375 0.050781
2 0.530469 0.470703 0.032813 0.035156
2 0.393750 0.458008 0.018750 0.025391
2 0.373437 0.463867 0.021875 0.029297
2 0.342187 0.469727 0.028125 0.033203
2 0.310937 0.470703 0.031250 0.035156
2 0.269531 0.472656 0.020313 0.042969