2 0.165625 0.589844 0.203125 0.175781
2 0.307812 0.523438 0.106250 0.089844
2 0.364844 0.505859 0.051562 0.078125
2 0.391406 0.486328 0.070312 0.078125
2 0.628125 0.503906 0.053125 0.097656
2 0.717969 0.535156 0.110937 0.109375
2 0.738281 0.568359 0.082812 0.121094
2 0.874219 0.613281 0.248438 0.285156
0 0.551562 0.488281 0.034375 0.089844
0 0.496094 0.478516 0.026562 0.085938
2 0.650781 0.513672 0.073438 0.085938
2 0.477344 0.456055 0.029687 0.033203
2 0.425000 0.480469 0.025000 0.050781
2 0.439844 0.471680 0.023438 0.044922
2 0.453125 0.466797 0.021875 0.039062
1 0.496875 0.501953 0.018750 0.050781
0 0.603125 0.507812 0.037500 0.085938