0 0.725000 0.467773 0.025000 0.083984
0 0.745313 0.489258 0.059375 0.123047
0 0.775781 0.484375 0.048438 0.113281
0 0.598437 0.450195 0.021875 0.037109
2 0.543750 0.469727 0.028125 0.044922
2 0.578906 0.478516 0.067187 0.070312
2 0.417969 0.469727 0.073438 0.064453
0 0.986719 0.449219 0.020313 0.042969
0 0.037500 0.440430 0.018750 0.025391
0 0.060937 0.439453 0.021875 0.027344
0 0.078125 0.439453 0.021875 0.031250
2 0.516406 0.452148 0.023438 0.025391
2 0.470313 0.447266 0.028125 0.023438
0 0.092969 0.458984 0.023438 0.070312