1 0.417969 0.701172 0.035937 0.156250
1 0.274219 0.575195 0.032813 0.072266
0 0.410156 0.617188 0.079687 0.261719
0 0.274219 0.532227 0.048438 0.134766
2 0.192188 0.540039 0.146875 0.154297
2 0.347656 0.481445 0.060937 0.087891
2 0.327344 0.494141 0.054688 0.089844
2 0.437500 0.453125 0.037500 0.035156
2 0.575000 0.454102 0.040625 0.041016
2 0.616406 0.501953 0.054688 0.078125
2 0.674219 0.513672 0.104688 0.101562
2 0.717187 0.556641 0.146875 0.132812
2 0.853125 0.616211 0.246875 0.201172
2 0.678906 0.435547 0.029687 0.039062
2 0.740625 0.435547 0.078125 0.042969
2 0.834375 0.457031 0.043750 0.039062
2 0.466406 0.448242 0.026562 0.033203
2 0.478906 0.441406 0.026562 0.031250
2 0.498437 0.444336 0.021875 0.025391
2 0.396094 0.479492 0.035937 0.072266