2 0.634375 0.500000 0.143750 0.136719
2 0.558594 0.484375 0.064062 0.089844
2 0.524219 0.478516 0.042188 0.070312
2 0.499219 0.470703 0.032813 0.046875
2 0.438281 0.471680 0.045312 0.052734
0 0.798438 0.462891 0.031250 0.109375
0 0.770312 0.468750 0.034375 0.093750
1 0.231250 0.522461 0.028125 0.056641
1 0.365625 0.477539 0.012500 0.041016
0 0.386719 0.463867 0.007812 0.029297
0 0.364844 0.453125 0.010937 0.023438
0 0.295312 0.449219 0.015625 0.023438
0 0.339844 0.459961 0.010937 0.041016
1 0.280469 0.480469 0.023438 0.050781
1 0.262500 0.481445 0.021875 0.056641
1 0.254688 0.480469 0.025000 0.054688
0 0.232031 0.463867 0.026562 0.064453
1 0.207031 0.492188 0.023438 0.062500
1 0.187500 0.490234 0.025000 0.070312
1 0.171094 0.491211 0.026562 0.072266
1 0.089844 0.520508 0.048438 0.072266
1 0.051562 0.517578 0.028125 0.058594
1 0.011719 0.533203 0.023438 0.078125
0 0.075000 0.453125 0.015625 0.027344