0 0.182031 0.520508 0.060937 0.130859
0 0.222656 0.453125 0.020313 0.058594
1 0.164062 0.560547 0.037500 0.070312
1 0.210156 0.546875 0.045312 0.085938
2 0.570312 0.463867 0.065625 0.060547
2 0.517969 0.436523 0.032813 0.029297
2 0.441406 0.429688 0.026562 0.027344
2 0.685156 0.750977 0.417187 0.478516
0 0.733594 0.469727 0.026562 0.091797
0 0.768750 0.447266 0.025000 0.039062
0 0.792188 0.449219 0.021875 0.042969
0 0.986719 0.482422 0.020313 0.093750
0 0.660937 0.450195 0.028125 0.037109
0 0.826562 0.460938 0.021875 0.023438
2 0.540625 0.456055 0.028125 0.044922
0 0.389062 0.434570 0.018750 0.041016