2 0.902344 0.613281 0.185938 0.304688
2 0.823438 0.532227 0.215625 0.208984
2 0.655469 0.474609 0.048438 0.074219
2 0.572656 0.453125 0.029687 0.031250
2 0.406250 0.450195 0.062500 0.037109
2 0.332813 0.493164 0.075000 0.091797
2 0.289062 0.516602 0.075000 0.123047
0 0.693750 0.528320 0.062500 0.232422
0 0.235156 0.520508 0.042188 0.193359
0 0.203906 0.504883 0.045312 0.201172
0 0.167187 0.521484 0.043750 0.179688
2 0.463281 0.452148 0.029687 0.029297
0 0.482031 0.453125 0.014063 0.035156
2 0.529687 0.451172 0.015625 0.019531
2 0.353125 0.445312 0.043750 0.042969
2 0.613281 0.460938 0.029687 0.035156
2 0.627344 0.468750 0.029687 0.042969
0 0.726562 0.450195 0.018750 0.025391