1 0.930469 0.584961 0.057813 0.095703
1 0.779687 0.542969 0.043750 0.070312
1 0.703906 0.531250 0.026562 0.066406
1 0.656250 0.514648 0.031250 0.052734
1 0.613281 0.503906 0.023438 0.050781
1 0.580469 0.499023 0.023438 0.041016
0 0.934375 0.508789 0.062500 0.181641
0 0.777344 0.504883 0.042188 0.119141
0 0.700000 0.498047 0.031250 0.082031
0 0.653125 0.491211 0.031250 0.076172
0 0.612500 0.488281 0.021875 0.062500
0 0.583594 0.476562 0.026562 0.062500
2 0.972656 0.505859 0.035937 0.105469
2 0.900000 0.488281 0.043750 0.089844
2 0.067187 0.435547 0.068750 0.046875