2 0.028125 0.578125 0.053125 0.167969
2 0.109375 0.534180 0.193750 0.193359
2 0.285156 0.490234 0.085938 0.105469
2 0.716406 0.548828 0.132812 0.140625
2 0.834375 0.594727 0.325000 0.232422
2 0.925781 0.772461 0.135937 0.248047
0 0.213281 0.507812 0.051562 0.183594
0 0.556250 0.466797 0.018750 0.058594
2 0.677344 0.521484 0.101562 0.121094
2 0.632812 0.510742 0.050000 0.095703
2 0.642188 0.481445 0.096875 0.095703
2 0.587500 0.483398 0.043750 0.052734
2 0.344531 0.478516 0.057813 0.082031
2 0.374219 0.473633 0.035937 0.060547
2 0.406250 0.465820 0.031250 0.052734
2 0.432812 0.465820 0.025000 0.037109
2 0.441406 0.461914 0.029687 0.037109
2 0.467187 0.458008 0.025000 0.029297
2 0.722656 0.459961 0.060937 0.037109