2 0.567969 0.503906 0.104688 0.093750
2 0.514062 0.496094 0.046875 0.078125
2 0.493750 0.492188 0.031250 0.054688
2 0.417187 0.488281 0.053125 0.050781
2 0.471094 0.485352 0.023438 0.041016
1 0.273438 0.493164 0.009375 0.044922
0 0.702344 0.481445 0.023438 0.083984
0 0.669531 0.484375 0.020313 0.074219
1 0.150781 0.511719 0.032813 0.074219
0 0.375000 0.470703 0.009375 0.023438
1 0.375000 0.487305 0.009375 0.021484
1 0.292969 0.512695 0.017188 0.037109
0 0.291406 0.473633 0.023438 0.029297
1 0.260937 0.494141 0.018750 0.039062
1 0.224219 0.506836 0.020313 0.052734
1 0.207031 0.501953 0.026562 0.066406
1 0.175781 0.501953 0.023438 0.050781
1 0.123438 0.509766 0.031250 0.070312
1 0.090625 0.536133 0.046875 0.056641
1 0.055469 0.523438 0.032813 0.074219
2 0.971094 0.499023 0.054688 0.076172
0 0.785937 0.485352 0.018750 0.064453