2 0.504687 0.455078 0.028125 0.027344
0 0.733594 0.473633 0.029687 0.060547
2 0.795312 0.570312 0.184375 0.187500
2 0.905469 0.637695 0.185938 0.294922
2 0.589063 0.478516 0.046875 0.050781
2 0.553125 0.460938 0.025000 0.027344
2 0.683594 0.507812 0.107813 0.097656
2 0.073438 0.538086 0.146875 0.244141
2 0.192188 0.526367 0.115625 0.138672
2 0.250000 0.492188 0.109375 0.132812
2 0.353125 0.472656 0.112500 0.062500
2 0.417187 0.464844 0.040625 0.046875
2 0.439063 0.465820 0.021875 0.033203
2 0.444531 0.459961 0.029687 0.037109
0 0.476562 0.456055 0.012500 0.037109
2 0.931250 0.481445 0.118750 0.037109