2 0.525000 0.453125 0.025000 0.027344
2 0.614062 0.483398 0.059375 0.072266
2 0.632812 0.498047 0.068750 0.089844
2 0.694531 0.519531 0.129688 0.128906
2 0.764844 0.567383 0.198437 0.185547
2 0.089844 0.548828 0.173437 0.191406
1 0.910937 0.572266 0.043750 0.121094
0 0.574219 0.484375 0.029687 0.105469
0 0.822656 0.482422 0.048438 0.078125
0 0.882812 0.537109 0.050000 0.210938
0 0.952344 0.532227 0.060937 0.197266
0 0.388281 0.484375 0.029687 0.085938
0 0.357812 0.473633 0.021875 0.087891
0 0.350781 0.479492 0.023438 0.072266
1 0.384375 0.499023 0.018750 0.060547