2 0.085156 0.682617 0.170313 0.287109
2 0.265625 0.551758 0.150000 0.134766
2 0.339844 0.521484 0.079687 0.089844
2 0.382812 0.493164 0.084375 0.095703
2 0.679688 0.520508 0.071875 0.130859
2 0.803125 0.560547 0.165625 0.160156
2 0.890625 0.638672 0.215625 0.203125
2 0.964844 0.720703 0.067187 0.250000
0 0.935156 0.509766 0.042188 0.089844
0 0.653125 0.533203 0.050000 0.117188
0 0.567969 0.484375 0.029687 0.101562
0 0.515625 0.479492 0.037500 0.091797
2 0.426563 0.483398 0.025000 0.056641
2 0.443750 0.475586 0.034375 0.052734
2 0.460938 0.474609 0.025000 0.042969
2 0.490625 0.454102 0.034375 0.025391
2 0.719531 0.541016 0.092188 0.113281
1 0.514844 0.504883 0.023438 0.052734