2 0.158594 0.448242 0.107813 0.076172
2 0.263281 0.478516 0.135937 0.097656
2 0.339062 0.466797 0.050000 0.074219
2 0.371094 0.465820 0.051562 0.072266
2 0.413281 0.456055 0.042188 0.052734
2 0.680469 0.492188 0.079687 0.117188
2 0.772656 0.522461 0.204687 0.197266
2 0.532031 0.536133 0.198437 0.197266
2 0.684375 0.512695 0.056250 0.115234
2 0.636719 0.476562 0.045312 0.062500
2 0.628125 0.460938 0.050000 0.066406
2 0.432031 0.453125 0.029687 0.058594
2 0.450000 0.455078 0.025000 0.050781
2 0.463281 0.437500 0.035937 0.027344
2 0.060937 0.433594 0.106250 0.085938
2 0.071875 0.506836 0.131250 0.181641