2 0.123438 0.519531 0.206250 0.152344
2 0.239063 0.508789 0.090625 0.099609
2 0.334375 0.475586 0.090625 0.072266
2 0.409375 0.466797 0.040625 0.046875
2 0.505469 0.457031 0.032813 0.039062
2 0.657813 0.511719 0.112500 0.117188
0 0.532031 0.466797 0.020313 0.070312
0 0.550000 0.467773 0.031250 0.087891
0 0.441406 0.458984 0.020313 0.046875
2 0.378125 0.473633 0.021875 0.052734
2 0.380469 0.465820 0.035937 0.056641
0 0.457031 0.458008 0.014063 0.048828
0 0.473438 0.453125 0.015625 0.039062
2 0.575781 0.462891 0.035937 0.058594
2 0.605469 0.473633 0.060937 0.083984
2 0.721094 0.446289 0.085938 0.029297
2 0.757031 0.488281 0.032813 0.066406
2 0.817187 0.495117 0.056250 0.099609