0 0.691406 0.510742 0.045312 0.146484
0 0.899219 0.566406 0.107813 0.285156
0 0.221875 0.444336 0.034375 0.052734
2 0.142187 0.534180 0.228125 0.169922
2 0.280469 0.511719 0.110937 0.117188
2 0.335156 0.500000 0.045312 0.074219
2 0.373437 0.481445 0.065625 0.083984
2 0.286719 0.436523 0.095312 0.041016
2 0.456250 0.458984 0.046875 0.046875
2 0.404687 0.476562 0.034375 0.070312
2 0.423438 0.471680 0.031250 0.064453
2 0.482031 0.459961 0.023438 0.029297
2 0.489844 0.451172 0.026562 0.035156
0 0.643750 0.469727 0.018750 0.041016
0 0.624219 0.458008 0.017188 0.041016
2 0.730469 0.474609 0.057813 0.054688
2 0.759375 0.482422 0.059375 0.058594
2 0.795312 0.493164 0.093750 0.072266
2 0.822656 0.501953 0.067187 0.070312
2 0.596094 0.455078 0.029687 0.035156