0 0.963281 0.560547 0.070312 0.347656
2 0.900000 0.555664 0.059375 0.068359
2 0.710938 0.507812 0.084375 0.085938
2 0.660937 0.494141 0.059375 0.066406
2 0.540625 0.468750 0.028125 0.027344
2 0.521094 0.460938 0.023438 0.023438
2 0.478125 0.457031 0.025000 0.023438
2 0.426563 0.459961 0.021875 0.033203
2 0.392969 0.463867 0.048438 0.056641
0 0.307812 0.468750 0.025000 0.070312
0 0.287500 0.470703 0.021875 0.082031
0 0.240625 0.474609 0.028125 0.078125
0 0.211719 0.472656 0.020313 0.082031
0 0.187500 0.467773 0.018750 0.080078
0 0.128906 0.476562 0.026562 0.109375
0 0.098437 0.469727 0.028125 0.115234
2 0.035156 0.461914 0.070312 0.087891
0 0.634375 0.479492 0.021875 0.033203