2 0.940625 0.482422 0.100000 0.054688
2 0.871875 0.494141 0.028125 0.035156
0 0.875000 0.457031 0.009375 0.031250
0 0.835938 0.477539 0.012500 0.044922
0 0.826562 0.480469 0.009375 0.031250
2 0.713281 0.479492 0.020313 0.033203
2 0.683594 0.486328 0.054688 0.058594
2 0.651563 0.490234 0.018750 0.023438
2 0.618750 0.489258 0.031250 0.029297
2 0.467187 0.498047 0.090625 0.078125
2 0.353125 0.498047 0.103125 0.054688
2 0.257031 0.500000 0.067187 0.062500
2 0.201563 0.496094 0.028125 0.054688
2 0.097656 0.503906 0.042188 0.035156
2 0.025000 0.488281 0.050000 0.035156
2 0.517969 0.491211 0.017188 0.037109