0 0.989844 0.451172 0.017188 0.074219
0 0.908594 0.413086 0.014063 0.044922
0 0.889062 0.410156 0.018750 0.046875
0 0.877344 0.446289 0.020313 0.083984
0 0.853125 0.441406 0.021875 0.066406
0 0.835938 0.435547 0.018750 0.062500
0 0.812500 0.414062 0.012500 0.035156
0 0.805469 0.433594 0.020313 0.054688
0 0.785937 0.434570 0.018750 0.056641
0 0.753906 0.433594 0.020313 0.050781
0 0.687500 0.458008 0.021875 0.083984
0 0.668750 0.444336 0.015625 0.056641
0 0.650781 0.449219 0.017188 0.050781
2 0.590625 0.493164 0.115625 0.099609
2 0.515625 0.467773 0.053125 0.052734
2 0.492969 0.454102 0.029687 0.044922
2 0.476562 0.449219 0.021875 0.039062
2 0.427344 0.471680 0.079687 0.091797
2 0.352344 0.462891 0.057813 0.058594
2 0.316406 0.465820 0.023438 0.056641
2 0.294531 0.470703 0.032813 0.042969
2 0.260156 0.484375 0.042188 0.054688
2 0.197656 0.488281 0.082812 0.078125
2 0.081250 0.545898 0.162500 0.201172
0 0.577344 0.427734 0.014063 0.023438