2 0.549219 0.478516 0.079687 0.078125
2 0.049219 0.499023 0.098437 0.119141
1 0.740625 0.559570 0.106250 0.150391
1 0.632812 0.574219 0.081250 0.109375
1 0.325781 0.554688 0.104688 0.125000
1 0.257812 0.542969 0.050000 0.066406
1 0.221875 0.532227 0.028125 0.064453
1 0.177344 0.527344 0.023438 0.062500
0 0.688281 0.499023 0.101562 0.208984
0 0.333594 0.501953 0.054688 0.199219
0 0.225000 0.482422 0.031250 0.109375
0 0.261719 0.499023 0.042188 0.123047
0 0.178125 0.492188 0.028125 0.105469
2 0.155469 0.478516 0.042188 0.082031
2 0.371875 0.470703 0.034375 0.042969
2 0.395313 0.469727 0.028125 0.033203
2 0.506250 0.482422 0.025000 0.046875
2 0.496875 0.471680 0.031250 0.044922