0 0.740625 0.507812 0.040625 0.132812
2 0.791406 0.489258 0.057813 0.072266
2 0.584375 0.481445 0.059375 0.068359
2 0.048438 0.553711 0.093750 0.181641
2 0.126562 0.528320 0.143750 0.126953
2 0.257031 0.500000 0.101562 0.082031
2 0.312500 0.486328 0.059375 0.066406
0 0.530469 0.468750 0.020313 0.058594
2 0.514062 0.462891 0.021875 0.031250
2 0.360156 0.482422 0.045312 0.050781
2 0.386719 0.473633 0.023438 0.041016
2 0.400000 0.463867 0.043750 0.044922
2 0.434375 0.459961 0.028125 0.033203
2 0.453125 0.459961 0.021875 0.029297