2 0.277344 0.494141 0.098437 0.093750
2 0.350000 0.477539 0.071875 0.068359
2 0.401562 0.466797 0.075000 0.058594
2 0.582812 0.475586 0.037500 0.056641
2 0.622656 0.496094 0.070312 0.070312
2 0.717187 0.539062 0.143750 0.144531
2 0.813281 0.589844 0.245312 0.218750
2 0.910156 0.696289 0.167187 0.373047
2 0.912500 0.489258 0.140625 0.115234
2 0.721875 0.458008 0.056250 0.033203
2 0.645312 0.458008 0.046875 0.041016
2 0.479687 0.455078 0.028125 0.027344
2 0.954688 0.505859 0.075000 0.089844
0 0.451562 0.457031 0.012500 0.031250