2 0.848437 0.618164 0.296875 0.283203
2 0.727344 0.549805 0.120313 0.154297
2 0.655469 0.516602 0.082812 0.099609
2 0.299219 0.506836 0.073438 0.083984
2 0.239063 0.517578 0.081250 0.109375
2 0.140625 0.520508 0.153125 0.154297
2 0.054688 0.553711 0.106250 0.177734
2 0.515625 0.472656 0.046875 0.035156
0 0.357031 0.488281 0.026562 0.082031
0 0.381250 0.487305 0.028125 0.076172
0 0.602344 0.516602 0.042188 0.146484
0 0.574219 0.492188 0.029687 0.101562
2 0.407031 0.464844 0.045312 0.042969
2 0.540625 0.471680 0.025000 0.029297