0 0.232031 0.549805 0.054688 0.193359
0 0.273438 0.543945 0.028125 0.150391
0 0.314063 0.532227 0.050000 0.158203
2 0.076563 0.696289 0.150000 0.244141
2 0.090625 0.579102 0.178125 0.185547
2 0.188281 0.559570 0.070312 0.142578
2 0.342187 0.482422 0.065625 0.066406
2 0.390625 0.463867 0.037500 0.041016
2 0.550781 0.458008 0.042188 0.041016
2 0.582812 0.471680 0.056250 0.068359
2 0.608594 0.496094 0.079687 0.074219
0 0.739844 0.482422 0.029687 0.050781
0 0.682031 0.468750 0.026562 0.046875
0 0.658594 0.472656 0.020313 0.062500
2 0.699219 0.548828 0.139063 0.121094
2 0.885938 0.699219 0.225000 0.304688
2 0.939844 0.500000 0.117188 0.109375
2 0.899219 0.489258 0.054688 0.068359
2 0.237500 0.466797 0.109375 0.046875
2 0.375000 0.479492 0.040625 0.052734
2 0.423438 0.452148 0.021875 0.029297
2 0.438281 0.442383 0.023438 0.025391