0 0.927344 0.576172 0.060937 0.093750
0 0.884375 0.529297 0.043750 0.066406
2 0.085156 0.532227 0.126562 0.076172
2 0.062500 0.678711 0.121875 0.216797
2 0.135156 0.624023 0.167187 0.154297
2 0.225781 0.590820 0.107813 0.119141
2 0.314844 0.549805 0.070312 0.064453
2 0.346875 0.524414 0.059375 0.072266
2 0.383594 0.518555 0.032813 0.044922
2 0.900781 0.803711 0.195312 0.376953
0 0.456250 0.505859 0.021875 0.058594
1 0.603125 0.534180 0.028125 0.044922
1 0.569531 0.517578 0.023438 0.046875
1 0.557031 0.510742 0.023438 0.037109
2 0.425781 0.496094 0.035937 0.035156
2 0.417969 0.514648 0.026562 0.033203
1 0.892188 0.619141 0.028125 0.042969