0 0.071875 0.440430 0.028125 0.083984
0 0.107813 0.441406 0.028125 0.082031
0 0.775000 0.448242 0.034375 0.083984
0 0.812500 0.421875 0.031250 0.058594
0 0.817187 0.451172 0.031250 0.082031
0 0.853906 0.450195 0.032813 0.091797
2 0.171875 0.437500 0.075000 0.085938
2 0.288281 0.422852 0.045312 0.044922
2 0.439063 0.449219 0.065625 0.054688
2 0.220312 0.474609 0.109375 0.105469
2 0.581250 0.466797 0.065625 0.082031
0 0.653125 0.413086 0.025000 0.037109
0 0.602344 0.413086 0.020313 0.041016
2 0.225000 0.410156 0.037500 0.031250
2 0.412500 0.427734 0.037500 0.046875
2 0.389844 0.426758 0.026562 0.029297
2 0.654687 0.447266 0.078125 0.039062