2 0.535937 0.505859 0.103125 0.105469
0 0.303906 0.488281 0.014063 0.035156
0 0.292969 0.489258 0.010937 0.025391
0 0.281250 0.490234 0.009375 0.023438
0 0.274219 0.490234 0.014063 0.035156
0 0.257031 0.486328 0.010937 0.035156
0 0.244531 0.487305 0.010937 0.037109
0 0.233594 0.486328 0.010937 0.039062
0 0.221094 0.487305 0.010937 0.037109
0 0.205469 0.488281 0.010937 0.039062
0 0.192969 0.490234 0.010937 0.035156
0 0.185156 0.491211 0.010937 0.041016
0 0.162500 0.487305 0.012500 0.048828
0 0.146875 0.489258 0.012500 0.048828
0 0.127344 0.489258 0.017188 0.056641
0 0.108594 0.490234 0.014063 0.058594
0 0.082812 0.493164 0.018750 0.064453
0 0.056250 0.494141 0.018750 0.058594
0 0.041406 0.500977 0.020313 0.044922
0 0.017188 0.499023 0.018750 0.068359
0 0.005469 0.500977 0.010937 0.056641
2 0.403906 0.490234 0.026562 0.027344