0 0.746094 0.464844 0.032813 0.128906
2 0.446875 0.462891 0.031250 0.031250
2 0.437500 0.453125 0.015625 0.019531
2 0.407813 0.443359 0.012500 0.015625
2 0.385156 0.458984 0.023438 0.027344
2 0.368750 0.462891 0.012500 0.019531
2 0.359375 0.462891 0.012500 0.019531
2 0.345313 0.465820 0.021875 0.025391
2 0.328125 0.469727 0.025000 0.029297
2 0.309375 0.469727 0.025000 0.033203
2 0.274219 0.463867 0.048438 0.056641
2 0.217188 0.488281 0.106250 0.097656
0 0.097656 0.580078 0.129688 0.347656
0 0.013281 0.479492 0.023438 0.072266
2 0.021875 0.555664 0.043750 0.111328