1 0.827344 0.728516 0.042188 0.164062
0 0.818750 0.641602 0.093750 0.287109
0 0.653125 0.507812 0.031250 0.089844
0 0.498437 0.464844 0.021875 0.054688
2 0.038281 0.623047 0.073438 0.191406
2 0.103125 0.582031 0.168750 0.164062
2 0.303125 0.482422 0.053125 0.050781
2 0.467187 0.462891 0.043750 0.042969
2 0.607031 0.480469 0.023438 0.050781
2 0.920312 0.541992 0.153125 0.150391
2 0.732812 0.506836 0.131250 0.087891
0 0.266406 0.483398 0.020313 0.060547
2 0.354687 0.458008 0.021875 0.025391
2 0.446094 0.459961 0.026562 0.033203
2 0.593750 0.469727 0.043750 0.044922