1 0.307812 0.528320 0.021875 0.060547
0 0.310937 0.488281 0.031250 0.093750
0 0.434375 0.446289 0.018750 0.060547
0 0.478125 0.443359 0.018750 0.054688
0 0.513281 0.449219 0.026562 0.050781
2 0.714063 0.559570 0.162500 0.162109
2 0.646094 0.523438 0.092188 0.113281
2 0.634375 0.493164 0.093750 0.095703
2 0.585938 0.462891 0.065625 0.082031
2 0.347656 0.471680 0.060937 0.052734
2 0.275000 0.505859 0.068750 0.097656
2 0.149219 0.541992 0.204687 0.201172
2 0.160938 0.439453 0.071875 0.023438
2 0.369531 0.458008 0.042188 0.044922
2 0.387500 0.453125 0.021875 0.042969
2 0.395313 0.445312 0.031250 0.046875
2 0.490625 0.437500 0.021875 0.031250