1 0.813281 0.679688 0.170313 0.308594
1 0.558594 0.517578 0.023438 0.121094
1 0.475781 0.521484 0.020313 0.121094
1 0.899219 0.599609 0.085938 0.187500
2 0.378125 0.447266 0.043750 0.031250
2 0.335938 0.453125 0.040625 0.046875
1 0.675781 0.485352 0.035937 0.083984
1 0.063281 0.477539 0.048438 0.091797
0 0.424219 0.445312 0.014063 0.035156
0 0.866406 0.414062 0.079687 0.203125
0 0.796875 0.482422 0.150000 0.421875
0 0.564063 0.448242 0.059375 0.208984
0 0.476562 0.462891 0.046875 0.199219
2 0.440625 0.449219 0.018750 0.023438
1 0.630469 0.475586 0.017188 0.052734