2 0.957031 0.514648 0.048438 0.119141
2 0.882031 0.510742 0.045312 0.095703
2 0.864062 0.459961 0.062500 0.060547
2 0.852344 0.742188 0.292187 0.367188
2 0.744531 0.588867 0.220312 0.220703
2 0.624219 0.516602 0.104688 0.119141
2 0.567187 0.484375 0.043750 0.058594
2 0.419531 0.458008 0.035937 0.025391
2 0.385156 0.471680 0.035937 0.052734
2 0.347656 0.481445 0.054688 0.068359
2 0.317969 0.498047 0.054688 0.058594
2 0.281250 0.523438 0.056250 0.078125
2 0.250000 0.537109 0.059375 0.105469
2 0.168750 0.560547 0.159375 0.164062
2 0.059375 0.623047 0.115625 0.210938
2 0.547656 0.470703 0.032813 0.050781
2 0.534375 0.464844 0.025000 0.039062
2 0.476562 0.445312 0.021875 0.023438
0 0.448437 0.459961 0.015625 0.041016
0 0.489844 0.447266 0.017188 0.031250