2 0.403906 0.485352 0.042188 0.060547
2 0.447656 0.472656 0.045312 0.054688
2 0.735938 0.533203 0.143750 0.132812
2 0.875781 0.681641 0.242188 0.371094
0 0.657813 0.472656 0.021875 0.054688
2 0.573438 0.468750 0.031250 0.031250
2 0.344531 0.487305 0.098437 0.099609
2 0.085938 0.558594 0.162500 0.191406
2 0.202344 0.524414 0.142187 0.134766
2 0.285938 0.508789 0.081250 0.103516
2 0.479687 0.470703 0.034375 0.035156
2 0.499219 0.464844 0.020313 0.031250
2 0.785937 0.482422 0.053125 0.066406
0 0.592969 0.462891 0.010937 0.027344
0 0.535937 0.458008 0.015625 0.029297
0 0.526563 0.458984 0.012500 0.031250