0 0.042969 0.667969 0.079687 0.289062
2 0.086719 0.641602 0.173437 0.224609
2 0.253125 0.533203 0.146875 0.113281
2 0.356250 0.495117 0.075000 0.072266
2 0.381250 0.471680 0.065625 0.056641
2 0.503906 0.459961 0.042188 0.037109
2 0.567969 0.496094 0.098437 0.117188
2 0.681250 0.502930 0.118750 0.095703
2 0.831250 0.566406 0.259375 0.238281
2 0.939844 0.736328 0.117188 0.285156
2 0.455469 0.454102 0.032813 0.029297
2 0.754687 0.464844 0.071875 0.058594
2 0.633594 0.487305 0.032813 0.068359
2 0.960938 0.481445 0.071875 0.091797
2 0.820312 0.442383 0.065625 0.037109