1 0.939063 0.537109 0.075000 0.085938
1 0.897656 0.535156 0.057813 0.078125
1 0.336719 0.512695 0.035937 0.076172
0 0.624219 0.556641 0.048438 0.164062
0 0.362500 0.474609 0.025000 0.082031
0 0.335156 0.463867 0.023438 0.068359
2 0.214062 0.491211 0.112500 0.072266
2 0.120313 0.479492 0.096875 0.064453
2 0.050000 0.467773 0.068750 0.060547
0 0.878125 0.459961 0.021875 0.052734
0 0.889062 0.468750 0.021875 0.039062
0 0.227344 0.442383 0.026562 0.037109
1 0.310156 0.532227 0.020313 0.044922
1 0.289844 0.527344 0.020313 0.042969