2 0.855469 0.566406 0.285938 0.367188
0 0.714063 0.510742 0.028125 0.130859
0 0.678125 0.521484 0.025000 0.035156
2 0.602344 0.454102 0.054688 0.052734
2 0.565625 0.443359 0.028125 0.039062
2 0.558594 0.428711 0.032813 0.052734
2 0.535937 0.431641 0.021875 0.035156
2 0.514062 0.431641 0.018750 0.027344
2 0.471875 0.439453 0.015625 0.015625
2 0.442969 0.437500 0.017188 0.015625
2 0.428125 0.433594 0.018750 0.031250
2 0.406250 0.433594 0.034375 0.039062
0 0.375000 0.450195 0.025000 0.087891
2 0.323437 0.464844 0.081250 0.093750