2 0.352344 0.441406 0.023438 0.035156
2 0.335156 0.448242 0.020313 0.037109
2 0.315625 0.452148 0.025000 0.041016
2 0.299219 0.453125 0.023438 0.042969
2 0.280469 0.460938 0.023438 0.039062
2 0.252344 0.460938 0.035937 0.042969
2 0.197656 0.462891 0.089063 0.097656
2 0.139844 0.484375 0.082812 0.074219
2 0.064844 0.495117 0.129688 0.107422
2 0.489844 0.447266 0.010937 0.027344
2 0.566406 0.455078 0.054688 0.062500
2 0.532031 0.457031 0.029687 0.058594
2 0.585938 0.466797 0.065625 0.062500
2 0.464062 0.437500 0.021875 0.019531
2 0.514062 0.447266 0.040625 0.050781