0 0.514062 0.472656 0.025000 0.046875
0 0.546094 0.475586 0.014063 0.052734
0 0.559375 0.476562 0.018750 0.054688
2 0.871094 0.646484 0.251563 0.324219
2 0.726562 0.514648 0.178125 0.169922
2 0.642969 0.492188 0.060937 0.109375
2 0.439844 0.472656 0.032813 0.050781
2 0.400781 0.479492 0.051562 0.060547
2 0.349219 0.484375 0.042188 0.082031
2 0.293750 0.500977 0.103125 0.095703
2 0.056250 0.548828 0.106250 0.179688
0 0.478125 0.472656 0.012500 0.039062
0 0.471094 0.469727 0.010937 0.044922
0 0.488281 0.467773 0.010937 0.025391
2 0.603906 0.489258 0.032813 0.056641
2 0.583594 0.484375 0.026562 0.046875
2 0.858594 0.483398 0.079687 0.060547