1 0.439063 0.654297 0.040625 0.203125
1 0.729688 0.661133 0.065625 0.185547
1 0.882031 0.571289 0.060937 0.134766
1 0.807813 0.577148 0.081250 0.154297
1 0.541406 0.573242 0.029687 0.115234
0 0.838281 0.483398 0.029687 0.072266
0 0.366406 0.491211 0.014063 0.044922
2 0.343750 0.495117 0.034375 0.029297
2 0.300781 0.500000 0.048438 0.042969
1 0.147656 0.517578 0.020313 0.054688
2 0.379688 0.488281 0.012500 0.019531
0 0.725000 0.524414 0.093750 0.279297
0 0.540625 0.503906 0.053125 0.191406
0 0.437500 0.544922 0.096875 0.308594
0 0.506250 0.484375 0.012500 0.046875