0 0.016406 0.517578 0.026562 0.082031
0 0.618750 0.465820 0.025000 0.076172
0 0.776563 0.490234 0.050000 0.175781
0 0.839063 0.481445 0.053125 0.166016
2 0.931250 0.449219 0.134375 0.140625
2 0.950781 0.486328 0.092188 0.121094
2 0.495312 0.520508 0.137500 0.126953
2 0.725000 0.459961 0.037500 0.052734
2 0.643750 0.449219 0.025000 0.027344
2 0.369531 0.474609 0.057813 0.031250
0 0.125000 0.486328 0.021875 0.035156
0 0.602344 0.458984 0.020313 0.054688
0 0.548438 0.458984 0.018750 0.042969
0 0.578906 0.457031 0.020313 0.054688