0 0.737500 0.483398 0.040625 0.115234
0 0.890625 0.478516 0.034375 0.089844
0 0.925000 0.477539 0.034375 0.095703
0 0.237500 0.448242 0.018750 0.048828
0 0.335938 0.441406 0.025000 0.054688
0 0.115625 0.497070 0.031250 0.095703
0 0.103906 0.500000 0.032813 0.085938
0 0.150000 0.605469 0.087500 0.250000
1 0.115625 0.692383 0.175000 0.158203
2 0.428125 0.426758 0.028125 0.029297
2 0.538281 0.456055 0.042188 0.052734
2 0.562500 0.471680 0.068750 0.060547
2 0.081250 0.444336 0.056250 0.029297
0 0.075000 0.463867 0.021875 0.056641
2 0.493750 0.430664 0.028125 0.029297