2 0.853906 0.515625 0.289062 0.289062
2 0.707031 0.488281 0.104688 0.148438
2 0.603906 0.486328 0.082812 0.078125
2 0.024219 0.536133 0.048438 0.134766
2 0.153125 0.505859 0.087500 0.101562
2 0.075781 0.520508 0.110937 0.115234
2 0.202344 0.495117 0.045312 0.080078
2 0.245312 0.489258 0.046875 0.068359
2 0.282031 0.478516 0.048438 0.062500
2 0.551562 0.470703 0.037500 0.074219
2 0.523438 0.471680 0.021875 0.056641
2 0.493750 0.461914 0.031250 0.037109
2 0.381250 0.463867 0.025000 0.029297
2 0.357031 0.464844 0.026562 0.031250
2 0.335938 0.474609 0.021875 0.035156
2 0.318750 0.477539 0.021875 0.041016