0 0.020313 0.534180 0.034375 0.162109
2 0.220312 0.502930 0.159375 0.087891
2 0.701562 0.487305 0.103125 0.056641
2 0.788281 0.484375 0.082812 0.046875
2 0.889844 0.473633 0.098437 0.064453
0 0.510156 0.488281 0.026562 0.082031
0 0.600781 0.479492 0.023438 0.091797
0 0.632812 0.476562 0.028125 0.078125
2 0.142969 0.481445 0.070312 0.068359
0 0.733594 0.456055 0.020313 0.025391
0 0.827344 0.464844 0.020313 0.039062
0 0.814844 0.462891 0.017188 0.039062
2 0.953906 0.477539 0.042188 0.041016
0 0.990625 0.467773 0.015625 0.044922