2 0.324219 0.519531 0.117188 0.109375
2 0.103906 0.707031 0.201563 0.335938
2 0.896875 0.592773 0.196875 0.138672
2 0.900000 0.784180 0.196875 0.396484
2 0.824219 0.489258 0.082812 0.068359
0 0.740625 0.491211 0.028125 0.068359
0 0.454688 0.498047 0.031250 0.117188
0 0.418750 0.502930 0.031250 0.119141
0 0.614062 0.453125 0.018750 0.042969
0 0.389062 0.502930 0.028125 0.123047
0 0.652344 0.584961 0.073438 0.228516
1 0.640625 0.662109 0.037500 0.125000
2 0.950781 0.502930 0.054688 0.060547
0 0.502344 0.462891 0.023438 0.050781