2 0.903125 0.585938 0.190625 0.406250
2 0.709375 0.536133 0.187500 0.185547
2 0.628906 0.498047 0.135937 0.144531
2 0.562500 0.490234 0.071875 0.101562
2 0.525781 0.481445 0.042188 0.091797
2 0.412500 0.452148 0.037500 0.041016
2 0.381250 0.421875 0.015625 0.015625
2 0.364063 0.419922 0.015625 0.019531
2 0.357812 0.423828 0.015625 0.019531
2 0.342187 0.423828 0.015625 0.019531
2 0.356250 0.452148 0.025000 0.029297
2 0.322656 0.477539 0.070312 0.076172
0 0.234375 0.456055 0.018750 0.044922
0 0.145313 0.500000 0.037500 0.175781
0 0.117188 0.525391 0.031250 0.136719
2 0.194531 0.496094 0.057813 0.113281
2 0.092188 0.519531 0.018750 0.070312