0 0.707812 0.462891 0.018750 0.046875
0 0.673438 0.508789 0.037500 0.138672
2 0.602344 0.455078 0.054688 0.054688
2 0.565625 0.447266 0.028125 0.039062
2 0.555469 0.431641 0.029687 0.046875
2 0.535937 0.431641 0.018750 0.035156
0 0.622656 0.517578 0.020313 0.031250
2 0.517188 0.435547 0.018750 0.027344
2 0.471094 0.441406 0.017188 0.015625
2 0.506250 0.440430 0.009375 0.013672
2 0.440625 0.439453 0.015625 0.015625
2 0.410938 0.432617 0.040625 0.037109
0 0.377344 0.451172 0.023438 0.089844
2 0.325000 0.464844 0.081250 0.097656