0 0.053906 0.485352 0.060937 0.134766
0 0.742188 0.463867 0.025000 0.091797
0 0.484375 0.453125 0.021875 0.062500
0 0.888281 0.472656 0.048438 0.125000
0 0.916406 0.465820 0.042188 0.107422
2 0.387500 0.476562 0.106250 0.085938
2 0.528906 0.464844 0.029687 0.046875
2 0.562500 0.474609 0.062500 0.066406
1 0.093750 0.528320 0.050000 0.064453
1 0.028906 0.520508 0.057813 0.087891
0 0.088281 0.432617 0.023438 0.029297
0 0.107031 0.441406 0.026562 0.039062
0 0.666406 0.456055 0.023438 0.064453
0 0.955469 0.442383 0.026562 0.041016
0 0.810937 0.443359 0.025000 0.027344