0 0.240625 0.544922 0.056250 0.179688
2 0.049219 0.614258 0.098437 0.193359
2 0.132812 0.564453 0.140625 0.144531
2 0.189062 0.533203 0.062500 0.113281
2 0.330469 0.479492 0.070312 0.076172
2 0.400781 0.493164 0.085938 0.087891
2 0.590625 0.500977 0.068750 0.087891
2 0.617188 0.529297 0.065625 0.117188
2 0.758594 0.590820 0.279687 0.248047
2 0.464062 0.440430 0.028125 0.029297
0 0.503125 0.454102 0.018750 0.044922
2 0.274219 0.509766 0.067187 0.074219
2 0.024219 0.468750 0.048438 0.042969
2 0.563281 0.473633 0.067187 0.076172