2 0.838281 0.527344 0.226562 0.226562
2 0.554688 0.459961 0.315625 0.208984
2 0.391406 0.486328 0.035937 0.082031
2 0.385937 0.473633 0.068750 0.099609
2 0.342969 0.484375 0.048438 0.078125
2 0.228125 0.465820 0.046875 0.068359
2 0.023438 0.472656 0.046875 0.078125
0 0.314063 0.481445 0.034375 0.138672
0 0.200781 0.462891 0.020313 0.082031
0 0.122656 0.464844 0.035937 0.105469
2 0.961719 0.542969 0.067187 0.367188
2 0.171875 0.465820 0.031250 0.064453
2 0.289062 0.471680 0.043750 0.083984
2 0.256250 0.462891 0.050000 0.062500