0 0.645312 0.455078 0.025000 0.058594
0 0.321094 0.502930 0.035937 0.099609
0 0.264062 0.471680 0.021875 0.064453
0 0.246875 0.469727 0.025000 0.056641
2 0.897656 0.507812 0.198437 0.140625
2 0.783594 0.625000 0.242188 0.214844
2 0.878125 0.789062 0.240625 0.414062
2 0.358594 0.479492 0.048438 0.052734
2 0.075000 0.517578 0.140625 0.097656
0 0.661719 0.453125 0.020313 0.050781
0 0.631250 0.454102 0.018750 0.056641
1 0.319531 0.554688 0.023438 0.058594
2 0.070312 0.467773 0.103125 0.037109
2 0.017969 0.523438 0.035937 0.117188
2 0.453906 0.471680 0.032813 0.029297
2 0.437500 0.464844 0.021875 0.035156
2 0.413281 0.459961 0.023438 0.025391