2 0.068750 0.618164 0.134375 0.201172
2 0.161719 0.561523 0.135937 0.146484
2 0.239844 0.527344 0.101562 0.097656
2 0.292187 0.497070 0.096875 0.107422
0 0.364844 0.477539 0.020313 0.068359
0 0.444531 0.525391 0.048438 0.175781
1 0.439844 0.569336 0.020313 0.099609
0 0.585938 0.531250 0.059375 0.179688
2 0.646875 0.527344 0.093750 0.136719
2 0.749219 0.568359 0.220312 0.238281
2 0.894531 0.681641 0.198437 0.363281
2 0.685156 0.441406 0.073438 0.031250
2 0.704688 0.449219 0.046875 0.023438
2 0.348438 0.475586 0.028125 0.044922
2 0.389062 0.462891 0.034375 0.035156
2 0.409375 0.457031 0.028125 0.031250
0 0.431250 0.450195 0.018750 0.044922
2 0.460938 0.444336 0.031250 0.029297
2 0.551562 0.465820 0.034375 0.041016
2 0.180469 0.466797 0.060937 0.039062