0 0.587500 0.482422 0.018750 0.042969
0 0.611719 0.485352 0.020313 0.041016
0 0.629687 0.485352 0.025000 0.044922
2 0.038281 0.583008 0.076563 0.212891
2 0.125781 0.557617 0.195312 0.177734
2 0.319531 0.515625 0.142187 0.101562
2 0.400000 0.507812 0.065625 0.085938
2 0.729688 0.498047 0.065625 0.085938
2 0.791406 0.532227 0.145313 0.134766
2 0.855469 0.575195 0.148438 0.166016
2 0.913281 0.656250 0.167187 0.308594
2 0.477344 0.493164 0.057813 0.060547
2 0.506250 0.486328 0.028125 0.050781
2 0.534375 0.486328 0.040625 0.042969
2 0.558594 0.485352 0.020313 0.033203
0 0.651563 0.487305 0.012500 0.041016
2 0.691406 0.489258 0.032813 0.072266
2 0.670312 0.491211 0.028125 0.041016
2 0.244531 0.489258 0.085938 0.060547