2 0.138281 0.587891 0.185938 0.179688
2 0.288281 0.529297 0.076563 0.113281
2 0.354687 0.496094 0.071875 0.082031
2 0.380469 0.482422 0.060937 0.070312
2 0.408594 0.472656 0.032813 0.054688
2 0.449219 0.465820 0.029687 0.044922
2 0.594531 0.451172 0.032813 0.035156
2 0.650000 0.502930 0.040625 0.068359
2 0.698438 0.517578 0.096875 0.085938
2 0.841406 0.591797 0.257812 0.234375
0 0.252344 0.587891 0.104688 0.203125
0 0.961719 0.778320 0.070312 0.388672
1 0.241406 0.692383 0.085938 0.158203
0 0.467969 0.469727 0.023438 0.056641
2 0.426563 0.464844 0.025000 0.058594
2 0.482031 0.450195 0.029687 0.025391
2 0.507812 0.442383 0.021875 0.029297
2 0.709375 0.439453 0.043750 0.031250
2 0.674219 0.440430 0.023438 0.029297