2 0.104688 0.672852 0.209375 0.291016
2 0.252344 0.552734 0.210938 0.210938
2 0.371875 0.511719 0.056250 0.101562
2 0.407813 0.500977 0.053125 0.087891
2 0.484375 0.452148 0.034375 0.033203
2 0.936719 0.662109 0.120313 0.238281
2 0.867188 0.591797 0.168750 0.152344
2 0.766406 0.540039 0.107813 0.095703
2 0.715625 0.512695 0.090625 0.072266
0 0.542969 0.499023 0.042188 0.123047
0 0.614844 0.500977 0.042188 0.126953
2 0.906250 0.492188 0.078125 0.062500
2 0.680469 0.490234 0.067187 0.062500
2 0.429688 0.492188 0.028125 0.062500
2 0.443750 0.486328 0.028125 0.054688
0 0.450000 0.450195 0.018750 0.037109
0 0.434375 0.439453 0.018750 0.027344
0 0.423438 0.439453 0.018750 0.023438
1 0.541406 0.533203 0.014063 0.062500