0 0.475000 0.460938 0.018750 0.042969
0 0.484375 0.458984 0.018750 0.046875
0 0.498437 0.460938 0.018750 0.050781
0 0.678125 0.461914 0.018750 0.033203
1 0.555469 0.618164 0.035937 0.103516
2 0.626563 0.489258 0.043750 0.064453
2 0.582031 0.495117 0.048438 0.064453
2 0.667188 0.512695 0.096875 0.076172
2 0.745313 0.482422 0.059375 0.054688
2 0.755469 0.492188 0.054688 0.074219
2 0.908594 0.477539 0.148438 0.044922
0 0.682031 0.593750 0.067187 0.187500
2 0.876563 0.643555 0.243750 0.302734
0 0.567187 0.557617 0.065625 0.177734
2 0.439844 0.473633 0.042188 0.041016
2 0.425000 0.486328 0.025000 0.054688
2 0.400000 0.488281 0.046875 0.066406
2 0.357812 0.485352 0.081250 0.091797
2 0.337500 0.517578 0.059375 0.089844
2 0.274219 0.526367 0.107813 0.130859
2 0.168750 0.568359 0.187500 0.179688