1 0.085938 0.554688 0.037500 0.078125
0 0.568750 0.483398 0.037500 0.154297
0 0.542188 0.480469 0.056250 0.144531
0 0.500781 0.470703 0.039062 0.148438
2 0.170313 0.475586 0.103125 0.091797
2 0.227344 0.470703 0.048438 0.066406
2 0.246875 0.467773 0.037500 0.056641
2 0.592187 0.471680 0.078125 0.080078
2 0.271094 0.463867 0.029687 0.048828
2 0.299219 0.457031 0.032813 0.046875
2 0.328125 0.452148 0.037500 0.041016
0 0.084375 0.460938 0.050000 0.105469
2 0.488281 0.448242 0.010937 0.025391
2 0.476562 0.447266 0.009375 0.023438
2 0.469531 0.444336 0.014063 0.017578
2 0.353906 0.449219 0.017188 0.031250
2 0.367188 0.447266 0.015625 0.031250
2 0.381250 0.447266 0.015625 0.023438
2 0.389062 0.445312 0.015625 0.019531
2 0.401562 0.443359 0.015625 0.019531
2 0.453125 0.445312 0.021875 0.015625
2 0.423438 0.438477 0.018750 0.025391