2 0.562500 0.462891 0.093750 0.093750
2 0.506250 0.458008 0.040625 0.060547
2 0.351562 0.466797 0.053125 0.046875
2 0.182812 0.483398 0.087500 0.076172
2 0.232813 0.477539 0.046875 0.068359
2 0.262500 0.470703 0.037500 0.058594
2 0.286719 0.467773 0.014063 0.044922
1 0.804688 0.547852 0.159375 0.087891
2 0.318750 0.463867 0.034375 0.037109
0 0.802344 0.449219 0.089063 0.117188
2 0.481250 0.459961 0.018750 0.029297
2 0.457813 0.456055 0.015625 0.025391
2 0.120313 0.456055 0.025000 0.041016
2 0.086719 0.463867 0.029687 0.033203
2 0.018750 0.455078 0.031250 0.046875
1 0.020313 0.500000 0.040625 0.042969