0 0.756250 0.539062 0.046875 0.082031
0 0.789844 0.548828 0.035937 0.093750
0 0.270313 0.528320 0.053125 0.146484
2 0.329688 0.524414 0.084375 0.076172
2 0.167187 0.540039 0.159375 0.126953
2 0.379688 0.514648 0.050000 0.060547
2 0.631250 0.620117 0.381250 0.228516
2 0.680469 0.505859 0.098437 0.042969
2 0.597656 0.500977 0.042188 0.025391
2 0.414844 0.513672 0.045312 0.050781
2 0.443750 0.510742 0.021875 0.041016
2 0.450781 0.499023 0.035937 0.041016
2 0.025781 0.501953 0.051562 0.089844
2 0.038281 0.470703 0.073438 0.093750