2 0.189062 0.432617 0.071875 0.060547
0 0.242969 0.423828 0.020313 0.066406
0 0.260156 0.416992 0.020313 0.072266
0 0.302344 0.466797 0.042188 0.152344
0 0.341406 0.498047 0.042188 0.148438
0 0.369531 0.463867 0.026562 0.134766
0 0.412500 0.499023 0.034375 0.181641
0 0.453125 0.493164 0.050000 0.177734
0 0.508594 0.507812 0.042188 0.179688
0 0.541406 0.493164 0.029687 0.150391
0 0.585938 0.503906 0.065625 0.191406
0 0.637500 0.509766 0.068750 0.167969
0 0.859375 0.525391 0.103125 0.218750
2 0.717969 0.425781 0.085938 0.035156
0 0.398438 0.458008 0.028125 0.107422
0 0.486719 0.429688 0.026562 0.062500
0 0.527344 0.450195 0.020313 0.076172