2 0.660937 0.454102 0.056250 0.095703
0 0.621094 0.452148 0.032813 0.103516
0 0.590625 0.453125 0.034375 0.109375
0 0.380469 0.435547 0.026562 0.082031
2 0.342187 0.438477 0.050000 0.064453
2 0.408594 0.433594 0.023438 0.046875
2 0.056250 0.428711 0.075000 0.083984
2 0.193750 0.432617 0.068750 0.060547
2 0.261719 0.451172 0.120313 0.101562
2 0.113281 0.424805 0.045312 0.068359
2 0.097656 0.403320 0.110937 0.076172
2 0.431250 0.429688 0.028125 0.042969
2 0.451562 0.428711 0.021875 0.037109
2 0.460156 0.419922 0.029687 0.035156