2 0.076563 0.482422 0.153125 0.132812
2 0.143750 0.480469 0.112500 0.113281
2 0.193750 0.480469 0.096875 0.101562
2 0.238281 0.473633 0.101562 0.099609
2 0.310937 0.474609 0.053125 0.082031
2 0.340625 0.465820 0.040625 0.068359
2 0.395313 0.469727 0.062500 0.044922
2 0.474219 0.464844 0.101562 0.117188
2 0.636719 0.466797 0.029687 0.039062
2 0.777344 0.464844 0.260937 0.117188
2 0.765625 0.497070 0.096875 0.123047
2 0.858594 0.515625 0.235937 0.156250
2 0.928125 0.538086 0.137500 0.193359
2 0.374219 0.473633 0.029687 0.041016
2 0.602344 0.467773 0.070312 0.052734