0 0.715625 0.412109 0.040625 0.078125
0 0.686719 0.413086 0.042188 0.091797
2 0.808594 0.504883 0.379688 0.240234
2 0.642969 0.421875 0.060937 0.113281
2 0.060937 0.380859 0.090625 0.097656
2 0.221094 0.412109 0.145313 0.121094
2 0.357812 0.400391 0.050000 0.062500
2 0.392969 0.395508 0.035937 0.060547
0 0.323437 0.403320 0.037500 0.119141
2 0.595313 0.409180 0.031250 0.056641
2 0.585938 0.402344 0.031250 0.050781
2 0.421875 0.398438 0.028125 0.046875
2 0.449219 0.394531 0.020313 0.039062
2 0.460938 0.387695 0.028125 0.037109
2 0.151562 0.388672 0.068750 0.074219
2 0.081250 0.360352 0.062500 0.087891