0 0.779687 0.465820 0.034375 0.044922
1 0.782813 0.507812 0.040625 0.035156
0 0.628906 0.462891 0.020313 0.062500
2 0.531250 0.482422 0.056250 0.054688
2 0.520312 0.466797 0.053125 0.062500
2 0.491406 0.473633 0.020313 0.029297
2 0.480469 0.470703 0.020313 0.023438
2 0.428125 0.466797 0.018750 0.023438
2 0.414844 0.460938 0.020313 0.023438
2 0.389844 0.468750 0.020313 0.027344
2 0.375000 0.472656 0.018750 0.031250
2 0.320312 0.473633 0.096875 0.119141
2 0.253125 0.505859 0.125000 0.132812
0 0.178125 0.525391 0.028125 0.097656
2 0.117969 0.502930 0.101562 0.119141
2 0.067969 0.566406 0.135937 0.265625