2 0.327344 0.449219 0.060937 0.062500
2 0.366406 0.439453 0.035937 0.042969
2 0.390625 0.438477 0.021875 0.033203
2 0.857812 0.511719 0.084375 0.128906
0 0.917188 0.521484 0.090625 0.246094
1 0.932031 0.617188 0.048438 0.097656
1 0.885938 0.604492 0.037500 0.076172
1 0.788281 0.564453 0.042188 0.078125
0 0.788281 0.484375 0.070312 0.187500
0 0.718750 0.486328 0.043750 0.113281
1 0.715625 0.525391 0.028125 0.058594
0 0.650000 0.484375 0.037500 0.097656
1 0.653906 0.515625 0.026562 0.042969
0 0.584375 0.451172 0.021875 0.066406
0 0.562500 0.452148 0.025000 0.056641
1 0.274219 0.461914 0.029687 0.041016
0 0.535937 0.446289 0.018750 0.044922
0 0.517188 0.444336 0.018750 0.044922