2 0.896094 0.767578 0.204687 0.363281
2 0.789062 0.591797 0.246875 0.226562
2 0.696094 0.551758 0.104688 0.130859
2 0.648438 0.498047 0.087500 0.101562
2 0.335156 0.487305 0.060937 0.076172
2 0.298438 0.516602 0.040625 0.083984
2 0.276562 0.526367 0.078125 0.103516
2 0.204687 0.555664 0.112500 0.138672
2 0.088281 0.588867 0.173437 0.232422
2 0.601562 0.486328 0.043750 0.074219
0 0.529687 0.454102 0.018750 0.044922
0 0.514062 0.455078 0.018750 0.042969
2 0.557031 0.460938 0.035937 0.054688
2 0.417187 0.458984 0.031250 0.046875
2 0.405469 0.466797 0.020313 0.046875
2 0.393750 0.472656 0.021875 0.046875
2 0.380469 0.482422 0.020313 0.054688
2 0.367188 0.489258 0.028125 0.068359
0 0.239063 0.466797 0.021875 0.035156