0 0.725000 0.481445 0.043750 0.150391
0 0.682031 0.480469 0.045312 0.144531
0 0.624219 0.474609 0.064062 0.144531
1 0.145313 0.537109 0.040625 0.058594
2 0.189062 0.475586 0.065625 0.083984
2 0.582812 0.468750 0.084375 0.078125
2 0.220312 0.470703 0.056250 0.066406
2 0.539844 0.459961 0.039062 0.060547
2 0.506250 0.455078 0.034375 0.042969
2 0.248438 0.464844 0.040625 0.058594
2 0.268750 0.464844 0.037500 0.050781
2 0.296875 0.460938 0.037500 0.046875
2 0.489063 0.449219 0.018750 0.031250
2 0.479687 0.449219 0.018750 0.027344
2 0.464062 0.443359 0.012500 0.019531
2 0.329688 0.453125 0.031250 0.039062
2 0.351562 0.449219 0.015625 0.031250
2 0.364844 0.450195 0.017188 0.025391
2 0.380469 0.448242 0.017188 0.025391
2 0.393750 0.446289 0.012500 0.021484
2 0.404687 0.445312 0.015625 0.019531
2 0.453125 0.445312 0.012500 0.019531
2 0.421094 0.441406 0.023438 0.027344
0 0.142187 0.458984 0.034375 0.097656