2 0.920312 0.554688 0.156250 0.328125
2 0.817969 0.519531 0.254688 0.218750
2 0.657031 0.500000 0.123438 0.105469
2 0.584375 0.482422 0.090625 0.089844
2 0.560156 0.470703 0.079687 0.082031
2 0.071875 0.510742 0.143750 0.119141
2 0.164062 0.500977 0.050000 0.080078
2 0.200000 0.493164 0.043750 0.072266
1 0.299219 0.485352 0.014063 0.029297
2 0.482812 0.462891 0.034375 0.039062
2 0.520312 0.476562 0.028125 0.050781
2 0.457813 0.461914 0.018750 0.033203
2 0.442969 0.460938 0.020313 0.023438
2 0.389844 0.460938 0.020313 0.023438
2 0.374219 0.462891 0.020313 0.027344
2 0.351562 0.465820 0.018750 0.033203
2 0.335938 0.461914 0.037500 0.037109
2 0.432031 0.461914 0.014063 0.017578
0 0.300781 0.453125 0.020313 0.042969
0 0.057813 0.446289 0.025000 0.029297