0 0.589063 0.456055 0.050000 0.107422
1 0.588281 0.552734 0.032813 0.085938
2 0.481250 0.482422 0.031250 0.035156
2 0.468750 0.470703 0.012500 0.019531
2 0.463281 0.458984 0.010937 0.019531
2 0.425000 0.462891 0.009375 0.019531
2 0.414062 0.466797 0.012500 0.019531
2 0.395313 0.470703 0.015625 0.019531
2 0.382812 0.470703 0.015625 0.019531
2 0.366406 0.470703 0.020313 0.023438
2 0.345313 0.478516 0.025000 0.035156
2 0.318750 0.478516 0.031250 0.042969
2 0.275000 0.467773 0.059375 0.072266
2 0.140625 0.496094 0.203125 0.148438