0 0.823438 0.462891 0.046875 0.214844
0 0.148438 0.485352 0.056250 0.208984
1 0.281250 0.501953 0.021875 0.058594
0 0.071875 0.453125 0.028125 0.097656
0 0.043750 0.449219 0.015625 0.085938
0 0.471094 0.450195 0.014063 0.052734
2 0.360938 0.451172 0.118750 0.050781
1 0.680469 0.507812 0.067187 0.074219
1 0.097656 0.500000 0.042188 0.058594
1 0.766406 0.514648 0.067187 0.091797
1 0.541406 0.468750 0.023438 0.042969
1 0.023438 0.496094 0.046875 0.062500
0 0.247656 0.451172 0.017188 0.074219
0 0.280469 0.433594 0.029687 0.078125
1 0.589844 0.462891 0.023438 0.031250
0 0.225000 0.452148 0.009375 0.048828