0 0.985156 0.507812 0.023438 0.109375
0 0.946875 0.493164 0.028125 0.123047
0 0.912500 0.503906 0.034375 0.125000
0 0.828125 0.484375 0.021875 0.039062
0 0.797656 0.504883 0.035937 0.123047
0 0.773438 0.516602 0.018750 0.095703
0 0.742969 0.515625 0.023438 0.085938
0 0.727344 0.522461 0.020313 0.076172
0 0.710938 0.520508 0.025000 0.087891
0 0.686719 0.520508 0.026562 0.087891
0 0.659375 0.522461 0.018750 0.064453
0 0.640625 0.524414 0.018750 0.060547
0 0.621875 0.526367 0.018750 0.060547
0 0.606250 0.528320 0.021875 0.056641
0 0.592969 0.521484 0.020313 0.050781
0 0.582812 0.524414 0.018750 0.056641
0 0.572656 0.518555 0.020313 0.052734
2 0.442188 0.500977 0.046875 0.025391
2 0.410156 0.540039 0.042188 0.068359
0 0.530469 0.515625 0.020313 0.042969
2 0.464062 0.538086 0.093750 0.091797
2 0.333594 0.525391 0.051562 0.042969
0 0.281250 0.531250 0.018750 0.054688
0 0.259375 0.519531 0.012500 0.046875
0 0.248438 0.520508 0.015625 0.044922
0 0.223438 0.524414 0.015625 0.044922
2 0.182031 0.549805 0.032813 0.041016
2 0.148438 0.538086 0.021875 0.052734
2 0.377344 0.520508 0.023438 0.041016