2 0.919531 0.577148 0.157812 0.267578
2 0.824219 0.537109 0.217188 0.183594
2 0.692187 0.503906 0.153125 0.148438
2 0.620313 0.488281 0.078125 0.109375
2 0.572656 0.485352 0.057813 0.068359
2 0.548438 0.474609 0.056250 0.058594
2 0.525000 0.468750 0.043750 0.062500
2 0.034375 0.520508 0.068750 0.154297
2 0.097656 0.507812 0.107813 0.113281
2 0.194531 0.494141 0.095312 0.078125
2 0.254688 0.484375 0.025000 0.050781
2 0.478906 0.461914 0.032813 0.029297
2 0.273438 0.482422 0.015625 0.046875
2 0.460156 0.460938 0.020313 0.023438
2 0.376563 0.461914 0.012500 0.025391
2 0.439844 0.461914 0.014063 0.017578
2 0.393750 0.461914 0.018750 0.025391
0 0.353906 0.458984 0.007812 0.035156
2 0.340625 0.460938 0.018750 0.039062
2 0.498437 0.473633 0.015625 0.037109
0 0.163281 0.455078 0.010937 0.035156
2 0.825000 0.435547 0.109375 0.023438
2 0.214062 0.447266 0.053125 0.019531