0 0.718750 0.512695 0.040625 0.158203
0 0.767188 0.541016 0.053125 0.199219
0 0.666406 0.471680 0.020313 0.052734
0 0.622656 0.453125 0.020313 0.039062
2 0.950000 0.530273 0.093750 0.123047
2 0.418750 0.460938 0.056250 0.054688
2 0.361719 0.482422 0.067187 0.101562
2 0.321094 0.491211 0.060937 0.115234
2 0.245312 0.506836 0.125000 0.150391
2 0.141406 0.531250 0.167187 0.164062
2 0.055469 0.561523 0.107813 0.228516
2 0.175000 0.431641 0.165625 0.046875
2 0.828125 0.490234 0.103125 0.070312
2 0.882812 0.511719 0.156250 0.101562
2 0.583594 0.457031 0.029687 0.039062
2 0.448437 0.457031 0.031250 0.035156