2 0.933594 0.541016 0.129688 0.218750
0 0.843750 0.525391 0.106250 0.347656
2 0.757812 0.503906 0.112500 0.171875
2 0.689844 0.500000 0.092188 0.136719
2 0.677344 0.488281 0.104688 0.117188
2 0.648438 0.473633 0.143750 0.123047
2 0.564063 0.482422 0.034375 0.082031
2 0.539844 0.478516 0.023438 0.074219
0 0.515625 0.472656 0.018750 0.074219
0 0.499219 0.475586 0.023438 0.076172
2 0.424219 0.479492 0.120313 0.162109
2 0.324219 0.483398 0.089063 0.080078
2 0.271875 0.478516 0.081250 0.109375
2 0.251563 0.508789 0.043750 0.099609
2 0.117188 0.487305 0.234375 0.185547
2 0.071094 0.530273 0.142187 0.212891