0 0.657813 0.511719 0.050000 0.191406
0 0.285938 0.504883 0.040625 0.154297
0 0.260156 0.497070 0.035937 0.162109
0 0.233594 0.503906 0.042188 0.152344
2 0.870313 0.567383 0.253125 0.244141
2 0.759375 0.514648 0.156250 0.177734
2 0.567187 0.453125 0.028125 0.027344
2 0.459375 0.451172 0.031250 0.023438
2 0.403125 0.453125 0.071875 0.046875
2 0.353906 0.489258 0.054688 0.087891
2 0.323437 0.500000 0.046875 0.105469
2 0.639062 0.471680 0.031250 0.068359
2 0.606250 0.459961 0.028125 0.033203
2 0.523438 0.451172 0.018750 0.023438
0 0.478906 0.454102 0.010937 0.037109