2 0.878125 0.606445 0.240625 0.388672
2 0.713281 0.530273 0.214062 0.177734
2 0.581250 0.500977 0.109375 0.099609
2 0.531250 0.482422 0.050000 0.054688
2 0.455469 0.472656 0.039062 0.039062
1 0.309375 0.520508 0.021875 0.056641
1 0.029687 0.515625 0.059375 0.113281
1 0.367969 0.484375 0.010937 0.027344
0 0.245312 0.454102 0.015625 0.029297
0 0.370312 0.464844 0.015625 0.023438
0 0.349219 0.465820 0.010937 0.048828
0 0.336719 0.462891 0.010937 0.039062
0 0.326562 0.459961 0.009375 0.037109
0 0.310937 0.458984 0.028125 0.062500
0 0.140625 0.473633 0.012500 0.072266
1 0.219531 0.495117 0.026562 0.052734
1 0.195312 0.495117 0.025000 0.068359
1 0.179688 0.487305 0.018750 0.056641
1 0.167187 0.494141 0.021875 0.050781