0 0.049219 0.492188 0.020313 0.078125
0 0.063281 0.466797 0.026562 0.039062
0 0.588281 0.468750 0.026562 0.078125
0 0.615625 0.459961 0.034375 0.087891
0 0.639844 0.463867 0.023438 0.064453
0 0.825781 0.521484 0.076563 0.242188
0 0.895312 0.504883 0.053125 0.240234
2 0.958594 0.491211 0.079687 0.119141
2 0.955469 0.413086 0.085938 0.068359
0 0.558594 0.458984 0.020313 0.042969
0 0.549219 0.458008 0.017188 0.041016
2 0.727344 0.460938 0.042188 0.054688
2 0.457813 0.461914 0.040625 0.029297
0 0.142969 0.475586 0.020313 0.033203
0 0.128906 0.487305 0.020313 0.033203