2 0.862500 0.553711 0.271875 0.216797
2 0.592187 0.489258 0.100000 0.107422
2 0.528906 0.489258 0.032813 0.041016
2 0.450781 0.499023 0.026562 0.025391
2 0.419531 0.501953 0.020313 0.023438
2 0.401562 0.500977 0.018750 0.029297
2 0.378906 0.494141 0.023438 0.035156
2 0.353906 0.491211 0.032813 0.044922
2 0.308594 0.489258 0.057813 0.060547
0 0.210938 0.489258 0.025000 0.052734
0 0.142187 0.489258 0.018750 0.052734
0 0.128906 0.487305 0.020313 0.056641
0 0.107031 0.493164 0.020313 0.037109
0 0.081250 0.490234 0.021875 0.062500
0 0.064062 0.501953 0.018750 0.042969
0 0.028906 0.496094 0.020313 0.050781
0 0.007812 0.506836 0.015625 0.041016