2 0.055469 0.527344 0.107813 0.226562
2 0.203906 0.521484 0.157812 0.113281
2 0.303906 0.504883 0.076563 0.083984
2 0.346875 0.496094 0.053125 0.058594
2 0.361719 0.478516 0.067187 0.074219
2 0.415625 0.476562 0.046875 0.046875
2 0.603125 0.474609 0.040625 0.050781
2 0.659375 0.509766 0.103125 0.105469
2 0.913281 0.495117 0.110937 0.138672
0 0.563281 0.467773 0.026562 0.060547
2 0.619531 0.495117 0.035937 0.068359
2 0.451562 0.463867 0.040625 0.041016
2 0.479687 0.455078 0.025000 0.031250
2 0.527344 0.457031 0.023438 0.023438
0 0.547656 0.465820 0.014063 0.048828
0 0.503906 0.458008 0.010937 0.029297