2 0.037500 0.535156 0.071875 0.210938
2 0.359375 0.472656 0.062500 0.085938
2 0.399219 0.471680 0.045312 0.044922
2 0.629687 0.499023 0.059375 0.083984
2 0.664844 0.514648 0.079687 0.107422
2 0.706250 0.539062 0.093750 0.152344
2 0.937500 0.804688 0.118750 0.335938
0 0.575781 0.472656 0.020313 0.074219
2 0.141406 0.517578 0.198437 0.187500
2 0.250000 0.497070 0.118750 0.115234
2 0.314844 0.494141 0.082812 0.082031
2 0.415625 0.463867 0.037500 0.044922
2 0.840625 0.587891 0.312500 0.363281
2 0.466406 0.458984 0.026562 0.031250
2 0.439063 0.466797 0.018750 0.035156
2 0.600781 0.485352 0.035937 0.056641
2 0.523438 0.451172 0.018750 0.023438