0 0.655469 0.493164 0.032813 0.134766
0 0.682813 0.473633 0.018750 0.060547
0 0.826562 0.509766 0.043750 0.089844
0 0.335938 0.456055 0.021875 0.060547
0 0.354687 0.455078 0.018750 0.058594
2 0.441406 0.460938 0.020313 0.031250
2 0.506250 0.458984 0.028125 0.027344
2 0.470313 0.468750 0.050000 0.050781
2 0.175000 0.502930 0.115625 0.087891
2 0.064062 0.499023 0.128125 0.185547
2 0.187500 0.454102 0.059375 0.033203
2 0.224219 0.458984 0.032813 0.039062
2 0.249219 0.458008 0.035937 0.037109
1 0.658594 0.529297 0.020313 0.078125
1 0.883594 0.574219 0.051562 0.113281
1 0.936719 0.578125 0.048438 0.121094