0 0.957031 0.512695 0.070312 0.224609
0 0.914062 0.537109 0.059375 0.269531
2 0.875000 0.466797 0.025000 0.097656
0 0.840625 0.510742 0.081250 0.263672
0 0.707031 0.461914 0.029687 0.115234
0 0.600000 0.479492 0.031250 0.115234
0 0.562500 0.496094 0.021875 0.082031
0 0.547656 0.475586 0.020313 0.091797
2 0.447656 0.469727 0.029687 0.029297
2 0.436719 0.462891 0.010937 0.019531
2 0.421875 0.455078 0.009375 0.015625
2 0.396094 0.462891 0.010937 0.019531
2 0.371094 0.466797 0.010937 0.015625
2 0.360156 0.468750 0.010937 0.019531
2 0.349219 0.469727 0.014063 0.021484
2 0.332031 0.473633 0.023438 0.025391
2 0.310937 0.476562 0.018750 0.031250
2 0.289062 0.471680 0.028125 0.048828
2 0.240625 0.492188 0.090625 0.082031