0 0.258594 0.620117 0.073438 0.271484
1 0.268750 0.708008 0.043750 0.150391
2 0.093750 0.577148 0.187500 0.216797
2 0.186719 0.529297 0.095312 0.164062
2 0.309375 0.484375 0.081250 0.093750
2 0.359375 0.482422 0.043750 0.066406
2 0.417187 0.451172 0.046875 0.042969
2 0.561719 0.459961 0.048438 0.044922
2 0.622656 0.515625 0.082812 0.089844
2 0.700000 0.527344 0.150000 0.121094
2 0.769531 0.598633 0.220312 0.162109
2 0.900781 0.711914 0.192188 0.302734
2 0.672656 0.436523 0.032813 0.044922
2 0.450000 0.445312 0.018750 0.031250
2 0.455469 0.440430 0.032813 0.033203
2 0.480469 0.441406 0.026562 0.023438