2 0.274219 0.465820 0.117188 0.064453
2 0.141406 0.454102 0.104688 0.060547
2 0.555469 0.474609 0.048438 0.042969
2 0.626563 0.484375 0.056250 0.058594
2 0.688281 0.505859 0.092188 0.121094
2 0.761719 0.527344 0.154688 0.140625
2 0.825000 0.577148 0.196875 0.177734
2 0.903125 0.652344 0.190625 0.316406
0 0.060937 0.488281 0.043750 0.140625
2 0.032813 0.451172 0.053125 0.101562
2 0.474219 0.458984 0.029687 0.031250
2 0.596094 0.477539 0.032813 0.044922
2 0.643750 0.500977 0.043750 0.076172
2 0.440625 0.457031 0.021875 0.031250