2 0.185938 0.533203 0.153125 0.140625
2 0.275781 0.498047 0.070312 0.097656
2 0.335938 0.475586 0.046875 0.056641
2 0.453125 0.455078 0.037500 0.035156
2 0.689063 0.592773 0.181250 0.193359
2 0.837500 0.679688 0.315625 0.296875
2 0.957812 0.903320 0.081250 0.189453
2 0.628125 0.516602 0.143750 0.169922
2 0.485938 0.444336 0.028125 0.033203
0 0.502344 0.459961 0.020313 0.044922
0 0.868750 0.422852 0.018750 0.029297
0 0.856250 0.420898 0.012500 0.029297
2 0.317188 0.490234 0.028125 0.062500
2 0.367969 0.468750 0.029687 0.042969
2 0.382031 0.463867 0.026562 0.041016
2 0.526563 0.460938 0.021875 0.046875
2 0.552344 0.483398 0.029687 0.056641
2 0.568750 0.488281 0.034375 0.066406