0 0.414062 0.469727 0.025000 0.072266
0 0.432812 0.464844 0.021875 0.074219
0 0.575781 0.470703 0.017188 0.082031
0 0.592187 0.480469 0.037500 0.097656
2 0.838281 0.481445 0.129688 0.107422
2 0.904687 0.721680 0.181250 0.451172
2 0.360938 0.480469 0.062500 0.062500
2 0.307031 0.474609 0.060937 0.082031
2 0.283594 0.504883 0.067187 0.099609
2 0.177344 0.499023 0.145313 0.123047
2 0.121875 0.537109 0.150000 0.117188
2 0.495312 0.466797 0.062500 0.054688
2 0.626563 0.473633 0.053125 0.076172
2 0.545312 0.462891 0.021875 0.027344
2 0.702344 0.504883 0.148438 0.138672
2 0.383594 0.463867 0.054688 0.072266
0 0.563281 0.477539 0.020313 0.091797