0 0.917188 0.499023 0.043750 0.150391
0 0.881250 0.504883 0.034375 0.123047
0 0.851562 0.497070 0.028125 0.087891
0 0.816406 0.453125 0.020313 0.023438
0 0.817969 0.519531 0.032813 0.109375
0 0.785937 0.516602 0.031250 0.123047
0 0.760938 0.514648 0.018750 0.103516
0 0.729688 0.515625 0.018750 0.070312
0 0.710156 0.521484 0.020313 0.074219
0 0.687500 0.519531 0.018750 0.078125
0 0.673438 0.511719 0.015625 0.066406
0 0.659375 0.518555 0.021875 0.068359
0 0.639844 0.523438 0.020313 0.066406
0 0.618750 0.519531 0.018750 0.062500
0 0.600781 0.519531 0.020313 0.054688
0 0.574219 0.488281 0.014063 0.039062
0 0.562500 0.492188 0.012500 0.035156
0 0.548438 0.500977 0.018750 0.044922
0 0.528906 0.495117 0.020313 0.037109
2 0.437500 0.468750 0.025000 0.023438
2 0.414062 0.462891 0.018750 0.027344
2 0.429688 0.481445 0.028125 0.025391
2 0.477344 0.540039 0.114062 0.111328
2 0.407031 0.538086 0.051562 0.087891
2 0.371094 0.515625 0.029687 0.039062
2 0.329688 0.509766 0.056250 0.046875
0 0.255469 0.503906 0.010937 0.046875
0 0.240625 0.521484 0.018750 0.046875
0 0.232813 0.505859 0.015625 0.050781
2 0.153125 0.536133 0.050000 0.052734
2 0.105469 0.532227 0.029687 0.052734