2 0.171094 0.484375 0.173437 0.132812
2 0.288281 0.466797 0.085938 0.101562
2 0.356250 0.453125 0.071875 0.062500
2 0.395313 0.441406 0.043750 0.058594
2 0.423438 0.446289 0.025000 0.037109
2 0.654687 0.469727 0.078125 0.083984
2 0.729688 0.475586 0.118750 0.169922
2 0.836719 0.510742 0.254688 0.255859
2 0.908594 0.632812 0.179688 0.496094
1 0.582812 0.475586 0.018750 0.056641
1 0.517188 0.470703 0.018750 0.050781
0 0.514844 0.443359 0.029687 0.097656
0 0.583594 0.450195 0.029687 0.091797
2 0.434375 0.436523 0.028125 0.037109
2 0.451562 0.438477 0.018750 0.025391