2 0.551562 0.481445 0.075000 0.087891
1 0.017969 0.559570 0.032813 0.076172
1 0.067969 0.541992 0.032813 0.083984
1 0.160938 0.557617 0.065625 0.095703
1 0.295312 0.508789 0.021875 0.060547
1 0.216406 0.529297 0.032813 0.066406
0 0.028906 0.499023 0.051562 0.146484
0 0.080469 0.498047 0.048438 0.132812
0 0.160156 0.486328 0.057813 0.175781
0 0.227344 0.482422 0.048438 0.121094
0 0.292187 0.461914 0.028125 0.060547
0 0.356250 0.458008 0.028125 0.033203
2 0.509375 0.478516 0.021875 0.046875
2 0.496875 0.476562 0.025000 0.042969
0 0.326562 0.471680 0.025000 0.060547
1 0.328125 0.493164 0.018750 0.037109
2 0.400000 0.473633 0.031250 0.029297