0 0.912500 0.569336 0.171875 0.541016
0 0.445312 0.483398 0.025000 0.087891
0 0.411719 0.482422 0.026562 0.093750
0 0.374219 0.481445 0.032813 0.099609
2 0.801562 0.524414 0.128125 0.189453
2 0.783594 0.494141 0.185938 0.191406
2 0.671094 0.502930 0.095312 0.126953
2 0.643750 0.488281 0.143750 0.132812
2 0.536719 0.489258 0.104688 0.087891
2 0.518750 0.477539 0.121875 0.091797
2 0.256250 0.466797 0.053125 0.035156
2 0.112500 0.431641 0.065625 0.054688
2 0.125781 0.477539 0.101562 0.076172
2 0.072656 0.501953 0.142187 0.132812
2 0.029687 0.517578 0.053125 0.140625
0 0.339844 0.472656 0.023438 0.046875
0 0.310156 0.465820 0.020313 0.044922
1 0.341406 0.491211 0.023438 0.025391
1 0.312500 0.488281 0.021875 0.027344