0 0.808594 0.583984 0.120313 0.519531
0 0.453906 0.487305 0.032813 0.107422
0 0.410156 0.490234 0.032813 0.117188
2 0.931250 0.541016 0.134375 0.250000
2 0.703906 0.505859 0.120313 0.199219
2 0.885156 0.452148 0.051562 0.087891
2 0.583594 0.516602 0.073438 0.103516
2 0.566406 0.497070 0.135937 0.119141
2 0.215625 0.472656 0.043750 0.035156
2 0.104688 0.497070 0.128125 0.115234
2 0.157812 0.490234 0.062500 0.062500
2 0.052344 0.500000 0.104688 0.125000
2 0.389844 0.478516 0.032813 0.062500
0 0.328125 0.467773 0.018750 0.044922