0 0.909375 0.489258 0.040625 0.158203
0 0.939844 0.506836 0.032813 0.126953
0 0.782813 0.462891 0.031250 0.042969
0 0.453906 0.458984 0.020313 0.046875
0 0.605469 0.462891 0.020313 0.050781
0 0.300000 0.474609 0.037500 0.105469
0 0.253125 0.467773 0.040625 0.091797
0 0.023438 0.457031 0.034375 0.101562
2 0.207813 0.449219 0.031250 0.046875
0 0.485938 0.459961 0.018750 0.037109
0 0.440625 0.459961 0.018750 0.041016
0 0.430469 0.460938 0.020313 0.039062
1 0.858594 0.591797 0.082812 0.179688
0 0.842187 0.481445 0.018750 0.091797
0 0.805469 0.468750 0.020313 0.062500
0 0.614062 0.463867 0.015625 0.048828
0 0.629687 0.461914 0.015625 0.056641
2 0.537500 0.457031 0.021875 0.027344
1 0.799219 0.567383 0.045312 0.072266
2 0.160156 0.448242 0.029687 0.052734