2 0.132812 0.424805 0.159375 0.107422
2 0.028125 0.414062 0.056250 0.062500
0 0.039062 0.436523 0.034375 0.115234
1 0.028906 0.499023 0.042188 0.064453
1 0.096875 0.500000 0.065625 0.050781
0 0.092969 0.450195 0.057813 0.103516
0 0.176563 0.447266 0.050000 0.097656
0 0.207813 0.434570 0.028125 0.076172
1 0.175781 0.492188 0.057813 0.050781
2 0.882031 0.424805 0.073438 0.083984
0 0.360156 0.433594 0.026562 0.101562
0 0.282813 0.439453 0.028125 0.109375
0 0.401562 0.429688 0.025000 0.074219
0 0.419531 0.425781 0.029687 0.082031
0 0.486719 0.436523 0.026562 0.064453
0 0.521875 0.424805 0.028125 0.087891
0 0.305469 0.431641 0.026562 0.046875
0 0.238281 0.431641 0.026562 0.042969
0 0.264062 0.423828 0.025000 0.039062
1 0.229687 0.483398 0.025000 0.041016
1 0.360938 0.468750 0.021875 0.046875
0 0.340625 0.429688 0.028125 0.039062
0 0.450000 0.424805 0.025000 0.041016
1 0.442188 0.460938 0.025000 0.039062
1 0.417187 0.461914 0.028125 0.041016