2 0.934375 0.601562 0.128125 0.242188
2 0.815625 0.541016 0.262500 0.187500
2 0.542969 0.483398 0.057813 0.052734
1 0.276562 0.513672 0.065625 0.039062
2 0.362500 0.472656 0.018750 0.035156
2 0.511719 0.475586 0.035937 0.041016
2 0.659375 0.449219 0.050000 0.019531
2 0.342969 0.473633 0.023438 0.041016
2 0.489063 0.471680 0.021875 0.037109
2 0.472656 0.468750 0.020313 0.031250
2 0.453125 0.467773 0.028125 0.029297
2 0.416406 0.464844 0.023438 0.023438
2 0.393750 0.468750 0.018750 0.023438
2 0.378125 0.470703 0.018750 0.031250
2 0.328906 0.479492 0.020313 0.041016
2 0.308594 0.479492 0.026562 0.052734
0 0.282813 0.476562 0.025000 0.046875
2 0.261719 0.481445 0.020313 0.037109