0 0.102344 0.575195 0.060937 0.208984
2 0.044531 0.583008 0.082812 0.193359
2 0.135156 0.548828 0.054688 0.152344
2 0.186719 0.546875 0.092188 0.117188
0 0.300781 0.511719 0.035937 0.117188
1 0.300000 0.534180 0.034375 0.087891
2 0.253906 0.500000 0.067187 0.105469
2 0.347656 0.468750 0.051562 0.046875
2 0.648438 0.466797 0.078125 0.054688
2 0.865625 0.500977 0.125000 0.126953
2 0.957031 0.886719 0.082812 0.214844
2 0.725781 0.489258 0.054688 0.064453
2 0.977344 0.495117 0.042188 0.138672
2 0.382031 0.456055 0.032813 0.037109
2 0.407813 0.450195 0.028125 0.029297
2 0.627344 0.447266 0.070312 0.042969