2 0.059375 0.642578 0.112500 0.246094
2 0.135937 0.574219 0.146875 0.152344
2 0.342969 0.473633 0.048438 0.052734
2 0.455469 0.464844 0.032813 0.031250
2 0.782813 0.603516 0.243750 0.183594
0 0.298438 0.489258 0.021875 0.064453
0 0.278125 0.468750 0.018750 0.054688
0 0.257031 0.472656 0.020313 0.070312
0 0.235156 0.470703 0.020313 0.070312
0 0.412500 0.536133 0.056250 0.177734
0 0.574219 0.533203 0.054688 0.160156
1 0.411719 0.589844 0.032813 0.097656
2 0.940625 0.488281 0.103125 0.078125
2 0.969531 0.882812 0.057813 0.230469
2 0.536719 0.478516 0.048438 0.058594
2 0.515625 0.468750 0.028125 0.046875
2 0.371094 0.469727 0.026562 0.044922