0 0.599219 0.462891 0.023438 0.050781
0 0.533594 0.459961 0.020313 0.044922
0 0.524219 0.462891 0.020313 0.050781
0 0.235156 0.527344 0.032813 0.164062
2 0.849219 0.496094 0.148438 0.085938
2 0.345313 0.479492 0.065625 0.060547
2 0.270313 0.521484 0.034375 0.089844
2 0.174219 0.538086 0.104688 0.126953
2 0.092188 0.579102 0.181250 0.185547
2 0.021875 0.626953 0.037500 0.167969
2 0.666406 0.461914 0.042188 0.052734
2 0.714844 0.463867 0.026562 0.060547
2 0.822656 0.456055 0.185938 0.099609
2 0.960938 0.500000 0.075000 0.136719
2 0.976562 0.514648 0.043750 0.134766
2 0.479687 0.444336 0.018750 0.025391
2 0.380469 0.468750 0.032813 0.039062
2 0.401562 0.468750 0.025000 0.031250
0 0.642188 0.460938 0.021875 0.046875