2 0.902344 0.440430 0.045312 0.052734
2 0.856250 0.435547 0.028125 0.046875
0 0.829688 0.412109 0.021875 0.035156
0 0.749219 0.473633 0.029687 0.119141
2 0.725781 0.431641 0.020313 0.042969
2 0.700781 0.435547 0.026562 0.070312
2 0.653906 0.453125 0.032813 0.046875
2 0.656250 0.414062 0.037500 0.027344
0 0.620313 0.469727 0.028125 0.095703
2 0.531250 0.451172 0.025000 0.042969
2 0.493750 0.452148 0.021875 0.037109
2 0.338281 0.452148 0.026562 0.029297
2 0.314063 0.449219 0.021875 0.027344
2 0.299219 0.447266 0.023438 0.027344
2 0.264844 0.426758 0.029687 0.021484
2 0.266406 0.449219 0.023438 0.023438
2 0.228125 0.470703 0.053125 0.078125
2 0.117188 0.484375 0.165625 0.164062
2 0.011719 0.610352 0.023438 0.208984