0 0.950000 0.448242 0.034375 0.072266
0 0.785156 0.463867 0.023438 0.072266
0 0.785156 0.470703 0.020313 0.050781
0 0.758594 0.479492 0.014063 0.025391
0 0.732812 0.470703 0.015625 0.031250
2 0.903906 0.636719 0.189062 0.335938
2 0.525781 0.486328 0.126562 0.148438
2 0.454688 0.523438 0.168750 0.187500
2 0.345313 0.501953 0.056250 0.074219
2 0.303125 0.479492 0.028125 0.033203
2 0.121875 0.495117 0.078125 0.083984
2 0.185938 0.494141 0.031250 0.039062
2 0.053906 0.532227 0.107813 0.142578
0 0.239844 0.491211 0.060937 0.173828