2 0.836719 0.603516 0.307812 0.253906
0 0.932813 0.497070 0.050000 0.083984
2 0.966406 0.496094 0.051562 0.085938
2 0.687500 0.519531 0.106250 0.109375
2 0.560156 0.468750 0.029687 0.031250
2 0.470313 0.467773 0.028125 0.037109
2 0.490625 0.468750 0.021875 0.027344
2 0.444531 0.466797 0.035937 0.050781
2 0.403125 0.486328 0.046875 0.062500
2 0.354687 0.485352 0.084375 0.087891
2 0.309375 0.503906 0.062500 0.089844
2 0.278125 0.504883 0.053125 0.091797
2 0.228906 0.515625 0.082812 0.117188
2 0.117969 0.540039 0.217188 0.150391
0 0.639062 0.474609 0.015625 0.050781
2 0.667969 0.465820 0.051562 0.041016
2 0.747656 0.470703 0.035937 0.042969
0 0.581250 0.460938 0.012500 0.027344