1 0.382812 0.573242 0.071875 0.087891
1 0.910156 0.557617 0.110937 0.076172
0 0.909375 0.508789 0.062500 0.146484
0 0.853125 0.441406 0.028125 0.039062
0 0.738281 0.466797 0.032813 0.070312
0 0.713281 0.457031 0.032813 0.078125
0 0.569531 0.649414 0.142187 0.279297
0 0.342969 0.454102 0.035937 0.095703
0 0.283594 0.583008 0.160938 0.416016
2 0.242969 0.462891 0.067187 0.054688
2 0.576562 0.479492 0.062500 0.052734
2 0.548438 0.472656 0.028125 0.050781
2 0.539844 0.463867 0.026562 0.041016
0 0.982031 0.446289 0.026562 0.041016
0 0.024219 0.427734 0.020313 0.039062
0 0.061719 0.437500 0.020313 0.031250
0 0.079687 0.435547 0.018750 0.027344
2 0.186719 0.466797 0.026562 0.035156
0 0.170313 0.443359 0.021875 0.050781