2 0.246094 0.479492 0.067187 0.052734
2 0.296875 0.473633 0.040625 0.044922
2 0.359375 0.466797 0.028125 0.027344
1 0.836719 0.515625 0.082812 0.105469
1 0.771094 0.518555 0.064062 0.134766
1 0.661719 0.500000 0.023438 0.078125
0 0.571875 0.442383 0.015625 0.029297
0 0.150781 0.476562 0.023438 0.085938
0 0.484375 0.465820 0.015625 0.041016
1 0.735156 0.523438 0.023438 0.113281
1 0.707031 0.523438 0.048438 0.101562
1 0.641406 0.501953 0.023438 0.082031
1 0.604688 0.494141 0.021875 0.062500
0 0.581250 0.482422 0.012500 0.050781
2 0.330469 0.470703 0.029687 0.031250
0 0.196094 0.467773 0.026562 0.044922
1 0.192969 0.503906 0.042188 0.035156
1 0.073438 0.526367 0.037500 0.060547
1 0.042188 0.511719 0.028125 0.062500