1 0.303125 0.610352 0.143750 0.087891
0 0.311719 0.533203 0.057813 0.160156
2 0.070312 0.420898 0.134375 0.029297
2 0.203906 0.443359 0.120313 0.101562
2 0.457031 0.446289 0.060937 0.056641
2 0.493750 0.438477 0.037500 0.041016
2 0.515625 0.436523 0.034375 0.041016
2 0.711719 0.446289 0.060937 0.064453
2 0.963281 0.464844 0.067187 0.113281
2 0.879687 0.464844 0.059375 0.105469
2 0.837500 0.459961 0.065625 0.072266
2 0.560156 0.431641 0.042188 0.046875
2 0.589063 0.420898 0.031250 0.037109
2 0.607812 0.420898 0.021875 0.029297