2 0.077344 0.605469 0.154688 0.187500
2 0.239844 0.548828 0.098437 0.089844
2 0.267969 0.507812 0.101562 0.082031
2 0.467969 0.471680 0.051562 0.037109
2 0.645312 0.505859 0.112500 0.117188
2 0.676562 0.535156 0.143750 0.132812
2 0.955469 0.513672 0.082812 0.113281
2 0.345313 0.500000 0.043750 0.054688
0 0.176563 0.542969 0.050000 0.132812
2 0.947656 0.857422 0.101562 0.277344
2 0.792188 0.487305 0.034375 0.068359
2 0.325000 0.506836 0.040625 0.056641
1 0.185156 0.581055 0.029687 0.068359
2 0.399219 0.461914 0.042188 0.044922