2 0.363281 0.484375 0.067187 0.058594
2 0.675781 0.472656 0.042188 0.074219
2 0.564063 0.487305 0.025000 0.037109
0 0.544531 0.483398 0.026562 0.091797
0 0.442188 0.468750 0.028125 0.058594
0 0.461719 0.544922 0.076563 0.210938
1 0.807031 0.644531 0.051562 0.191406
0 0.647656 0.549805 0.070312 0.248047
0 0.702344 0.500000 0.035937 0.136719
0 0.735938 0.535156 0.065625 0.210938
0 0.780469 0.460938 0.035937 0.093750
0 0.802344 0.566406 0.098437 0.316406
0 0.858594 0.470703 0.035937 0.121094
0 0.893750 0.548828 0.078125 0.285156
0 0.963281 0.543945 0.067187 0.283203
0 0.153125 0.453125 0.012500 0.035156
0 0.161719 0.453125 0.014063 0.035156
0 0.242188 0.456055 0.012500 0.037109
0 0.939844 0.457031 0.017188 0.046875