0 0.023438 0.474609 0.037500 0.144531
0 0.381250 0.458984 0.015625 0.039062
0 0.345313 0.460938 0.015625 0.054688
0 0.221094 0.459961 0.017188 0.060547
1 0.112500 0.559570 0.056250 0.087891
1 0.054688 0.517578 0.021875 0.058594
1 0.379688 0.494141 0.015625 0.031250
1 0.889062 0.529297 0.037500 0.089844
1 0.751563 0.506836 0.034375 0.080078
1 0.692187 0.505859 0.031250 0.082031
1 0.197656 0.509766 0.054688 0.042969
2 0.612500 0.490234 0.084375 0.074219
2 0.489063 0.510742 0.168750 0.162109
1 0.856250 0.517578 0.037500 0.117188
1 0.668750 0.505859 0.021875 0.066406
2 0.418750 0.457031 0.025000 0.027344
2 0.399219 0.460938 0.020313 0.035156
0 0.326562 0.468750 0.018750 0.062500
0 0.302344 0.468750 0.020313 0.058594
0 0.185938 0.459961 0.031250 0.056641
0 0.164062 0.444336 0.018750 0.037109
0 0.115625 0.449219 0.046875 0.128906
1 0.016406 0.521484 0.026562 0.042969