2 0.111719 0.551758 0.223438 0.193359
2 0.271094 0.498047 0.129688 0.136719
2 0.352344 0.495117 0.057813 0.083984
2 0.377344 0.474609 0.060937 0.085938
2 0.464844 0.463867 0.042188 0.037109
2 0.611719 0.470703 0.042188 0.042969
0 0.739844 0.459961 0.023438 0.025391
2 0.706250 0.517578 0.081250 0.105469
2 0.779687 0.542969 0.146875 0.136719
2 0.976562 0.536133 0.043750 0.103516
2 0.955469 0.701172 0.085938 0.203125
2 0.671094 0.493164 0.060937 0.068359
2 0.538281 0.454102 0.023438 0.025391
2 0.485156 0.460938 0.026562 0.035156
0 0.513281 0.454102 0.010937 0.029297
2 0.900000 0.514648 0.103125 0.072266
2 0.846094 0.487305 0.073438 0.056641