2 0.357812 0.498047 0.062500 0.070312
2 0.340625 0.479492 0.043750 0.064453
2 0.282031 0.468750 0.048438 0.050781
2 0.894531 0.798828 0.204687 0.394531
2 0.946094 0.522461 0.104688 0.169922
0 0.678906 0.458008 0.023438 0.056641
0 0.660156 0.458008 0.023438 0.056641
0 0.642969 0.459961 0.023438 0.052734
0 0.237500 0.472656 0.021875 0.058594
0 0.062500 0.595703 0.084375 0.214844
1 0.050000 0.725586 0.084375 0.201172
1 0.865625 0.532227 0.053125 0.068359
2 0.842969 0.483398 0.101562 0.041016
0 0.553125 0.445312 0.015625 0.035156
2 0.314063 0.470703 0.031250 0.042969
0 0.214844 0.473633 0.017188 0.056641
2 0.017188 0.536133 0.034375 0.134766
2 0.446875 0.470703 0.037500 0.035156
2 0.435156 0.466797 0.029687 0.035156
2 0.417969 0.461914 0.023438 0.033203
2 0.405469 0.462891 0.023438 0.027344