2 0.941406 0.581055 0.114062 0.232422
2 0.828125 0.531250 0.290625 0.226562
2 0.672656 0.502930 0.110937 0.146484
2 0.937500 0.457031 0.121875 0.070312
2 0.603906 0.492188 0.085938 0.085938
2 0.559375 0.481445 0.065625 0.072266
2 0.030469 0.521484 0.060937 0.125000
2 0.137500 0.503906 0.128125 0.101562
2 0.211719 0.495117 0.054688 0.072266
2 0.238281 0.492188 0.032813 0.058594
2 0.541406 0.474609 0.060937 0.074219
2 0.479687 0.465820 0.034375 0.037109
1 0.325000 0.480469 0.015625 0.031250
2 0.457031 0.465820 0.020313 0.025391
2 0.507812 0.480469 0.021875 0.050781
2 0.442188 0.466797 0.015625 0.019531
2 0.432031 0.465820 0.014063 0.021484
2 0.395313 0.466797 0.015625 0.019531
2 0.377344 0.468750 0.017188 0.027344
2 0.351562 0.469727 0.040625 0.041016
0 0.325000 0.455078 0.012500 0.023438
0 0.168750 0.441406 0.018750 0.019531
0 0.120313 0.452148 0.021875 0.029297