0 0.067969 0.500000 0.026562 0.058594
0 0.089063 0.510742 0.028125 0.095703
0 0.682813 0.535156 0.046875 0.113281
0 0.820312 0.496094 0.031250 0.082031
0 0.844531 0.503906 0.029687 0.074219
0 0.925000 0.493164 0.025000 0.052734
0 0.948438 0.500977 0.031250 0.044922
2 0.543750 0.660156 0.337500 0.339844
2 0.392188 0.500977 0.056250 0.060547
0 0.671875 0.492188 0.015625 0.039062
0 0.447656 0.501953 0.032813 0.050781
0 0.253906 0.504883 0.014063 0.060547
0 0.264844 0.503906 0.014063 0.070312
0 0.328125 0.483398 0.015625 0.025391
0 0.634375 0.489258 0.018750 0.033203