0 0.823438 0.636719 0.093750 0.335938
0 0.196875 0.622070 0.106250 0.259766
1 0.177344 0.708008 0.051562 0.146484
2 0.935156 0.750977 0.123438 0.271484
2 0.909375 0.583008 0.175000 0.208984
2 0.764062 0.580078 0.059375 0.175781
2 0.687500 0.505859 0.118750 0.105469
2 0.330469 0.506836 0.098437 0.087891
2 0.082812 0.593750 0.162500 0.183594
2 0.241406 0.534180 0.082812 0.111328
2 0.407031 0.474609 0.057813 0.066406
2 0.488281 0.458984 0.051562 0.042969
0 0.545312 0.454102 0.012500 0.041016
2 0.907813 0.454102 0.068750 0.037109
2 0.373437 0.491211 0.040625 0.068359
2 0.432031 0.469727 0.032813 0.052734
2 0.449219 0.460938 0.020313 0.042969
2 0.453906 0.459961 0.029687 0.052734
2 0.524219 0.439453 0.020313 0.027344
2 0.592969 0.451172 0.029687 0.027344
2 0.631250 0.485352 0.034375 0.056641
2 0.616406 0.478516 0.029687 0.042969