2 0.031250 0.589844 0.062500 0.191406
2 0.125000 0.567383 0.200000 0.166016
2 0.298438 0.539062 0.109375 0.085938
2 0.359375 0.515625 0.062500 0.085938
2 0.400000 0.518555 0.037500 0.037109
2 0.733594 0.587891 0.160938 0.136719
2 0.906250 0.657227 0.184375 0.396484
2 0.650000 0.543945 0.068750 0.083984
2 0.628906 0.523438 0.060937 0.085938
1 0.650781 0.563477 0.057813 0.068359
1 0.512500 0.547852 0.018750 0.064453
1 0.592187 0.562500 0.021875 0.058594
0 0.590625 0.526367 0.037500 0.099609
0 0.513281 0.522461 0.035937 0.115234
2 0.421094 0.506836 0.035937 0.044922
2 0.442188 0.507812 0.021875 0.035156
2 0.458594 0.501953 0.023438 0.035156
2 0.569531 0.515625 0.026562 0.035156