2 0.894531 0.481445 0.095312 0.083984
2 0.976562 0.471680 0.043750 0.091797
2 0.894531 0.450195 0.085938 0.056641
0 0.838281 0.477539 0.010937 0.083984
0 0.823438 0.482422 0.021875 0.089844
2 0.792969 0.487305 0.035937 0.056641
0 0.751563 0.480469 0.021875 0.066406
0 0.729688 0.476562 0.021875 0.074219
0 0.707812 0.475586 0.021875 0.076172
2 0.617188 0.485352 0.065625 0.060547
2 0.562500 0.474609 0.034375 0.039062
0 0.531250 0.469727 0.009375 0.029297
2 0.459375 0.467773 0.031250 0.037109
2 0.431250 0.464844 0.028125 0.031250
2 0.389062 0.468750 0.046875 0.054688
2 0.234375 0.475586 0.100000 0.099609
0 0.159375 0.470703 0.018750 0.046875
0 0.142187 0.469727 0.018750 0.044922
0 0.092188 0.482422 0.015625 0.050781
2 0.108594 0.470703 0.020313 0.050781
2 0.034375 0.489258 0.068750 0.095703