2 0.653125 0.448242 0.071875 0.103516
0 0.607031 0.450195 0.032813 0.095703
0 0.578906 0.447266 0.032813 0.101562
0 0.386719 0.432617 0.032813 0.076172
2 0.348438 0.435547 0.059375 0.062500
2 0.196094 0.431641 0.067187 0.058594
2 0.051562 0.429688 0.084375 0.097656
2 0.118750 0.422852 0.050000 0.064453
2 0.261719 0.450195 0.117188 0.103516
2 0.102344 0.401367 0.107813 0.076172
2 0.407813 0.431641 0.031250 0.050781
2 0.432812 0.428711 0.025000 0.044922
2 0.451562 0.426758 0.021875 0.037109
2 0.462500 0.418945 0.028125 0.037109