2 0.619531 0.494141 0.135937 0.132812
2 0.742188 0.459961 0.059375 0.037109
2 0.534375 0.488281 0.046875 0.050781
2 0.442969 0.500977 0.029687 0.029297
2 0.414062 0.502930 0.018750 0.025391
2 0.391406 0.500000 0.023438 0.031250
2 0.373437 0.493164 0.018750 0.037109
2 0.359375 0.495117 0.021875 0.037109
2 0.332813 0.492188 0.037500 0.042969
2 0.277344 0.487305 0.070312 0.068359
0 0.177344 0.489258 0.020313 0.064453
0 0.094531 0.493164 0.020313 0.056641
0 0.060937 0.494141 0.015625 0.070312
0 0.017969 0.495117 0.023438 0.076172