1 0.448437 0.540039 0.021875 0.068359
0 0.539062 0.506836 0.040625 0.119141
0 0.451562 0.500977 0.040625 0.115234
0 0.424219 0.464844 0.020313 0.046875
2 0.734375 0.596680 0.187500 0.181641
2 0.689844 0.516602 0.129688 0.150391
2 0.624219 0.496094 0.089063 0.117188
2 0.204687 0.521484 0.153125 0.132812
2 0.299219 0.512695 0.048438 0.091797
2 0.329688 0.502930 0.040625 0.072266
2 0.348438 0.492188 0.028125 0.050781
2 0.360156 0.469727 0.051562 0.060547
2 0.299219 0.446289 0.048438 0.037109
2 0.403125 0.464844 0.031250 0.042969
2 0.480469 0.446289 0.026562 0.025391
2 0.587500 0.492188 0.043750 0.078125