2 0.807813 0.460938 0.059375 0.085938
2 0.921875 0.449219 0.140625 0.140625
2 0.341406 0.595703 0.554688 0.273438
0 0.975781 0.533203 0.035937 0.261719
0 0.738281 0.477539 0.042188 0.162109
0 0.700781 0.487305 0.032813 0.138672
0 0.603125 0.460938 0.021875 0.085938
0 0.192969 0.479492 0.023438 0.041016
0 0.178125 0.482422 0.018750 0.046875
0 0.128906 0.489258 0.020313 0.037109
0 0.112500 0.497070 0.021875 0.052734
0 0.553906 0.457031 0.020313 0.046875
0 0.576562 0.458008 0.018750 0.044922
0 0.626563 0.460938 0.025000 0.085938
0 0.650781 0.458984 0.023438 0.085938
2 0.933594 0.495117 0.060937 0.076172