2 0.836719 0.613281 0.207813 0.250000
2 0.948438 0.666992 0.100000 0.412109
2 0.714063 0.518555 0.143750 0.126953
2 0.648438 0.508789 0.053125 0.087891
2 0.628125 0.493164 0.053125 0.068359
2 0.535156 0.456055 0.026562 0.029297
2 0.387500 0.478516 0.068750 0.062500
2 0.087500 0.488281 0.081250 0.089844
0 0.564844 0.471680 0.020313 0.056641
2 0.030469 0.539062 0.060937 0.261719
2 0.295312 0.493164 0.115625 0.103516
0 0.485938 0.461914 0.015625 0.037109
0 0.460156 0.467773 0.014063 0.048828
0 0.450781 0.464844 0.020313 0.050781
0 0.613281 0.479492 0.029687 0.068359