2 0.027344 0.654297 0.054688 0.160156
2 0.106250 0.590820 0.181250 0.162109
2 0.217969 0.535156 0.092188 0.101562
0 0.266406 0.528320 0.042188 0.099609
2 0.279687 0.510742 0.093750 0.123047
2 0.336719 0.498047 0.045312 0.074219
2 0.360156 0.487305 0.029687 0.060547
2 0.592187 0.471680 0.053125 0.060547
2 0.591406 0.494141 0.029687 0.054688
2 0.634375 0.504883 0.090625 0.091797
2 0.657031 0.538086 0.104688 0.099609
2 0.734375 0.575195 0.193750 0.169922
2 0.902344 0.789062 0.192188 0.414062
2 0.384375 0.472656 0.034375 0.046875
2 0.429688 0.454102 0.025000 0.037109
2 0.414844 0.461914 0.023438 0.033203
2 0.443750 0.448242 0.021875 0.029297