2 0.715625 0.531250 0.118750 0.113281
2 0.661719 0.496094 0.079687 0.078125
2 0.625000 0.486328 0.050000 0.066406
2 0.549219 0.464844 0.035937 0.035156
2 0.329688 0.460938 0.081250 0.050781
2 0.235937 0.449219 0.065625 0.046875
2 0.164844 0.455078 0.073438 0.097656
2 0.042969 0.474609 0.085938 0.105469
2 0.056250 0.446289 0.096875 0.091797
0 0.282031 0.470703 0.023438 0.074219
2 0.978906 0.761719 0.039062 0.207031
2 0.371094 0.463867 0.045312 0.052734
2 0.480469 0.458008 0.023438 0.025391
2 0.596875 0.475586 0.043750 0.044922
2 0.582812 0.468750 0.031250 0.039062