2 0.809375 0.463867 0.062500 0.076172
2 0.832812 0.468750 0.021875 0.066406
2 0.925781 0.447266 0.145313 0.136719
2 0.950000 0.487305 0.093750 0.123047
0 0.444531 0.479492 0.029687 0.076172
0 0.464844 0.474609 0.029687 0.089844
0 0.617969 0.463867 0.023438 0.083984
2 0.646875 0.449219 0.025000 0.035156
0 0.595313 0.463867 0.021875 0.068359
0 0.675781 0.428711 0.023438 0.025391
0 0.378906 0.462891 0.014063 0.031250
0 0.168750 0.482422 0.018750 0.039062
0 0.128125 0.491211 0.018750 0.037109
2 0.726562 0.447266 0.040625 0.039062