0 0.566406 0.478516 0.014063 0.039062
2 0.622656 0.544922 0.164062 0.136719
2 0.485938 0.491211 0.043750 0.056641
2 0.459375 0.485352 0.018750 0.029297
2 0.448437 0.476562 0.018750 0.023438
2 0.407813 0.477539 0.015625 0.017578
2 0.377344 0.479492 0.020313 0.033203
2 0.344531 0.486328 0.057813 0.082031
2 0.332031 0.501953 0.048438 0.058594
2 0.295312 0.510742 0.065625 0.072266
2 0.208594 0.525391 0.132812 0.132812
2 0.164062 0.484375 0.028125 0.031250
2 0.130469 0.524414 0.035937 0.099609
2 0.060937 0.487305 0.121875 0.087891
2 0.060937 0.579102 0.121875 0.216797