2 0.847656 0.558594 0.301563 0.351562
2 0.676562 0.523438 0.134375 0.140625
2 0.621875 0.497070 0.112500 0.119141
2 0.556250 0.486328 0.071875 0.097656
2 0.441406 0.454102 0.032813 0.033203
2 0.423438 0.447266 0.021875 0.023438
2 0.411719 0.428711 0.017188 0.017578
2 0.384375 0.423828 0.018750 0.023438
2 0.385937 0.451172 0.021875 0.023438
2 0.370312 0.425781 0.015625 0.019531
2 0.358594 0.475586 0.054688 0.064453
0 0.297656 0.485352 0.048438 0.146484
2 0.221875 0.497070 0.103125 0.111328
0 0.291406 0.500000 0.035937 0.113281