2 0.950000 0.489258 0.096875 0.115234
2 0.929688 0.445312 0.134375 0.140625
0 0.847656 0.480469 0.054688 0.226562
0 0.664844 0.472656 0.029687 0.109375
0 0.636719 0.468750 0.032813 0.125000
0 0.367188 0.488281 0.040625 0.125000
0 0.453906 0.464844 0.017188 0.058594
2 0.802344 0.463867 0.048438 0.060547
0 0.169531 0.479492 0.020313 0.044922
0 0.114062 0.493164 0.021875 0.060547
0 0.552344 0.458984 0.020313 0.050781
0 0.572656 0.456055 0.020313 0.060547
2 0.728125 0.458008 0.037500 0.060547
0 0.127344 0.488281 0.020313 0.031250
0 0.463281 0.460938 0.020313 0.062500