0 0.809375 0.468750 0.062500 0.183594
2 0.702344 0.466797 0.142187 0.187500
2 0.609375 0.466797 0.071875 0.113281
2 0.548438 0.470703 0.078125 0.074219
2 0.492969 0.468750 0.067187 0.066406
2 0.454688 0.460938 0.065625 0.070312
2 0.400000 0.464844 0.046875 0.050781
2 0.339844 0.460938 0.073438 0.058594
2 0.288281 0.462891 0.045312 0.046875
2 0.247656 0.468750 0.035937 0.039062
2 0.035156 0.499023 0.070312 0.130859
2 0.076563 0.485352 0.068750 0.091797
2 0.357812 0.431641 0.062500 0.031250
2 0.117188 0.485352 0.031250 0.072266
2 0.137500 0.481445 0.021875 0.064453