0 0.755469 0.463867 0.026562 0.083984
0 0.727344 0.470703 0.026562 0.085938
0 0.389844 0.475586 0.026562 0.068359
0 0.297656 0.458984 0.020313 0.062500
0 0.888281 0.512695 0.032813 0.119141
0 0.912500 0.509766 0.025000 0.105469
0 0.936719 0.507812 0.026562 0.109375
0 0.954688 0.511719 0.021875 0.105469
2 0.563281 0.461914 0.026562 0.029297
0 0.313281 0.461914 0.020313 0.064453
0 0.342187 0.457031 0.018750 0.050781
0 0.487500 0.453125 0.012500 0.027344
0 0.503125 0.454102 0.012500 0.025391
1 0.175000 0.480469 0.025000 0.035156
0 0.680469 0.455078 0.029687 0.050781
2 0.454688 0.458008 0.021875 0.029297
0 0.711719 0.473633 0.020313 0.083984
1 0.387500 0.491211 0.018750 0.044922