0 0.730469 0.503906 0.020313 0.082031
0 0.678125 0.493164 0.018750 0.044922
0 0.650000 0.479492 0.021875 0.041016
1 0.650781 0.523438 0.020313 0.035156
2 0.575000 0.493164 0.031250 0.033203
2 0.406250 0.479492 0.034375 0.029297
2 0.382031 0.482422 0.026562 0.027344
2 0.363281 0.478516 0.023438 0.031250
2 0.334375 0.474609 0.031250 0.031250
2 0.309375 0.476562 0.031250 0.027344
2 0.259375 0.483398 0.043750 0.029297
2 0.194531 0.502930 0.120313 0.087891
2 0.114062 0.502930 0.043750 0.076172
2 0.049219 0.479492 0.051562 0.037109
2 0.020313 0.480469 0.037500 0.039062