2 0.464062 0.514648 0.146875 0.119141
0 0.039062 0.505859 0.025000 0.082031
0 0.019531 0.500000 0.023438 0.089844
0 0.718750 0.472656 0.034375 0.128906
0 0.752344 0.476562 0.029687 0.148438
0 0.610938 0.465820 0.021875 0.064453
2 0.806250 0.464844 0.056250 0.082031
2 0.927344 0.449219 0.142187 0.140625
2 0.951562 0.485352 0.093750 0.119141
0 0.632812 0.449219 0.025000 0.050781
2 0.642969 0.445312 0.026562 0.027344
0 0.124219 0.488281 0.023438 0.031250
0 0.571875 0.458984 0.018750 0.050781
0 0.557813 0.458008 0.018750 0.044922