2 0.950000 0.521484 0.096875 0.167969
2 0.884375 0.480469 0.225000 0.191406
2 0.809375 0.474609 0.140625 0.152344
2 0.598437 0.492188 0.237500 0.312500
2 0.732031 0.488281 0.020313 0.058594
0 0.455469 0.484375 0.048438 0.160156
1 0.446094 0.535156 0.035937 0.097656
2 0.396875 0.463867 0.118750 0.154297
2 0.368750 0.492188 0.040625 0.128906
2 0.267969 0.468750 0.192188 0.167969
0 0.109375 0.534180 0.146875 0.416016
2 0.023438 0.484375 0.046875 0.257812
1 0.068750 0.700195 0.100000 0.255859
1 0.156250 0.668945 0.071875 0.177734
2 0.214844 0.487305 0.220312 0.240234