0 0.971875 0.645508 0.050000 0.533203
2 0.858594 0.515625 0.229687 0.230469
2 0.742188 0.512695 0.090625 0.189453
2 0.670312 0.521484 0.096875 0.121094
2 0.649219 0.502930 0.148438 0.134766
0 0.525781 0.495117 0.042188 0.126953
0 0.483594 0.495117 0.042188 0.134766
0 0.329688 0.475586 0.021875 0.056641
0 0.361719 0.475586 0.020313 0.060547
0 0.381250 0.476562 0.021875 0.062500
2 0.212500 0.500000 0.028125 0.046875
2 0.264062 0.472656 0.040625 0.035156
2 0.125000 0.498047 0.159375 0.121094
2 0.063281 0.504883 0.126562 0.138672
2 0.450000 0.475586 0.043750 0.064453
2 0.564844 0.482422 0.048438 0.089844