0 0.387500 0.470703 0.018750 0.054688
0 0.403125 0.472656 0.018750 0.050781
0 0.516406 0.468750 0.020313 0.085938
0 0.536719 0.499023 0.045312 0.166016
2 0.577344 0.487305 0.048438 0.076172
2 0.714844 0.538086 0.232813 0.244141
2 0.344531 0.472656 0.045312 0.062500
2 0.228125 0.527344 0.231250 0.167969
2 0.090625 0.500000 0.175000 0.167969
2 0.039844 0.534180 0.076563 0.138672
2 0.607031 0.507812 0.067187 0.136719
2 0.481250 0.469727 0.031250 0.029297
2 0.242969 0.438477 0.085938 0.025391
2 0.823438 0.487305 0.034375 0.083984