2 0.164844 0.567383 0.204687 0.158203
2 0.250781 0.524414 0.082812 0.095703
2 0.283594 0.513672 0.076563 0.074219
2 0.320312 0.504883 0.043750 0.056641
2 0.325000 0.487305 0.084375 0.087891
2 0.369531 0.485352 0.029687 0.052734
2 0.387500 0.475586 0.043750 0.044922
2 0.589063 0.477539 0.050000 0.037109
2 0.656250 0.520508 0.115625 0.099609
2 0.817969 0.621094 0.245312 0.203125
2 0.881250 0.510742 0.084375 0.091797
2 0.974219 0.583008 0.048438 0.134766
2 0.797656 0.489258 0.042188 0.060547
2 0.410938 0.464844 0.028125 0.039062
2 0.430469 0.459961 0.023438 0.041016
0 0.446875 0.458984 0.015625 0.042969
2 0.714844 0.479492 0.035937 0.068359
2 0.693750 0.460938 0.062500 0.031250
2 0.822656 0.480469 0.032813 0.085938