2 0.173437 0.525391 0.212500 0.164062
2 0.083594 0.466797 0.098437 0.046875
2 0.360938 0.464844 0.037500 0.035156
2 0.435156 0.459961 0.035937 0.037109
0 0.634375 0.515625 0.053125 0.187500
1 0.640625 0.569336 0.031250 0.099609
0 0.668750 0.479492 0.021875 0.099609
0 0.687500 0.484375 0.021875 0.089844
0 0.603906 0.465820 0.014063 0.041016
0 0.593750 0.466797 0.012500 0.042969
0 0.281250 0.447266 0.015625 0.019531
0 0.257812 0.447266 0.015625 0.035156
2 0.379688 0.459961 0.021875 0.029297
2 0.498437 0.461914 0.050000 0.029297