0 0.909375 0.726562 0.134375 0.468750
0 0.385937 0.615234 0.096875 0.250000
0 0.394531 0.486328 0.029687 0.082031
1 0.373437 0.694336 0.059375 0.158203
2 0.036719 0.677734 0.070312 0.214844
2 0.107031 0.609375 0.210938 0.214844
2 0.288281 0.517578 0.120313 0.117188
2 0.332813 0.489258 0.062500 0.095703
2 0.422656 0.468750 0.042188 0.050781
2 0.461719 0.454102 0.035937 0.033203
2 0.586719 0.456055 0.035937 0.037109
2 0.615625 0.493164 0.043750 0.072266
2 0.651563 0.497070 0.065625 0.072266
2 0.673438 0.512695 0.087500 0.087891
2 0.685156 0.528320 0.079687 0.087891
2 0.756250 0.560547 0.156250 0.140625
2 0.679688 0.437500 0.025000 0.039062
2 0.728906 0.436523 0.082812 0.037109
2 0.494531 0.440430 0.023438 0.033203
2 0.514062 0.443359 0.018750 0.023438
2 0.531250 0.439453 0.018750 0.027344