2 0.952344 0.810547 0.092188 0.328125
2 0.875781 0.668945 0.235937 0.263672
2 0.697656 0.537109 0.151562 0.164062
2 0.605469 0.483398 0.048438 0.060547
2 0.525000 0.452148 0.043750 0.037109
2 0.404687 0.462891 0.040625 0.054688
2 0.309375 0.491211 0.103125 0.115234
2 0.250781 0.529297 0.117188 0.128906
2 0.151562 0.579102 0.146875 0.166016
2 0.060156 0.628906 0.120313 0.210938
0 0.563281 0.477539 0.020313 0.072266
0 0.550781 0.470703 0.020313 0.070312
2 0.074219 0.458984 0.067187 0.035156
2 0.386719 0.476562 0.026562 0.058594
2 0.373437 0.484375 0.028125 0.062500
2 0.361719 0.494141 0.029687 0.074219
2 0.430469 0.460938 0.026562 0.039062
2 0.442969 0.447266 0.026562 0.031250
2 0.167187 0.454102 0.050000 0.033203