1 0.445312 0.470703 0.015625 0.058594
1 0.429688 0.477539 0.021875 0.068359
1 0.410156 0.474609 0.020313 0.054688
1 0.388281 0.479492 0.023438 0.064453
1 0.366406 0.466797 0.026562 0.058594
0 0.350781 0.444336 0.010937 0.041016
0 0.340625 0.452148 0.009375 0.044922
0 0.327344 0.454102 0.010937 0.048828
2 0.198437 0.447266 0.018750 0.023438
2 0.182812 0.450195 0.021875 0.025391
2 0.166406 0.452148 0.023438 0.029297
2 0.144531 0.452148 0.026562 0.033203
0 0.096094 0.435547 0.010937 0.023438
1 0.037500 0.468750 0.021875 0.042969