0 0.705469 0.487305 0.042188 0.150391
2 0.196875 0.503906 0.165625 0.113281
2 0.592187 0.481445 0.131250 0.119141
2 0.517969 0.474609 0.057813 0.070312
2 0.067187 0.462891 0.043750 0.039062
2 0.099219 0.506836 0.089063 0.087891
2 0.310156 0.476562 0.045312 0.042969
2 0.485938 0.473633 0.021875 0.037109
2 0.466406 0.467773 0.020313 0.029297
2 0.450781 0.463867 0.020313 0.029297
2 0.435156 0.466797 0.020313 0.019531
2 0.392188 0.466797 0.015625 0.019531
2 0.378125 0.467773 0.018750 0.025391
2 0.360938 0.467773 0.025000 0.029297
2 0.342187 0.471680 0.018750 0.037109
2 0.015625 0.483398 0.028125 0.041016
2 0.189844 0.446289 0.042188 0.017578