2 0.975781 0.502930 0.042188 0.064453
2 0.925781 0.494141 0.054688 0.054688
2 0.884375 0.481445 0.028125 0.083984
2 0.969531 0.452148 0.057813 0.025391
2 0.917969 0.450195 0.048438 0.029297
2 0.846875 0.493164 0.031250 0.052734
2 0.839063 0.454102 0.053125 0.029297
2 0.744531 0.489258 0.026562 0.041016
0 0.625781 0.466797 0.020313 0.058594
2 0.568750 0.487305 0.062500 0.060547
2 0.505469 0.474609 0.035937 0.035156
2 0.407031 0.494141 0.123438 0.144531
2 0.266406 0.474609 0.035937 0.031250
2 0.189062 0.487305 0.068750 0.052734
2 0.121875 0.490234 0.062500 0.050781