2 0.974219 0.460938 0.045312 0.074219
2 0.914062 0.465820 0.071875 0.060547
2 0.832031 0.445312 0.098437 0.078125
0 0.767969 0.458008 0.035937 0.115234
0 0.706250 0.442383 0.025000 0.095703
0 0.689063 0.443359 0.021875 0.093750
0 0.637500 0.415039 0.018750 0.056641
0 0.617969 0.415039 0.023438 0.060547
0 0.605469 0.422852 0.020313 0.064453
0 0.583594 0.419922 0.020313 0.058594
0 0.565625 0.422852 0.018750 0.052734
0 0.551562 0.422852 0.018750 0.052734
0 0.535937 0.423828 0.018750 0.042969
0 0.512500 0.429688 0.018750 0.050781
2 0.443750 0.441406 0.031250 0.027344
0 0.269531 0.443359 0.014063 0.031250
0 0.254688 0.436523 0.018750 0.041016
0 0.242188 0.436523 0.015625 0.048828
0 0.223438 0.437500 0.012500 0.050781
0 0.209375 0.435547 0.021875 0.058594
2 0.099219 0.485352 0.160938 0.134766
2 0.985938 0.478516 0.025000 0.039062