0 0.434375 0.535156 0.115625 0.320312
2 0.531250 0.523438 0.103125 0.156250
2 0.713281 0.520508 0.301563 0.212891
2 0.964844 0.587891 0.060937 0.253906
2 0.347656 0.473633 0.160938 0.173828
2 0.494531 0.471680 0.079687 0.119141
0 0.217969 0.494141 0.029687 0.117188
0 0.047656 0.480469 0.029687 0.082031
0 0.095312 0.480469 0.021875 0.074219
2 0.256250 0.479492 0.050000 0.064453
2 0.133594 0.479492 0.067187 0.060547
2 0.187500 0.485352 0.050000 0.072266
2 0.069531 0.473633 0.029687 0.037109
2 0.028125 0.481445 0.028125 0.044922