2 0.928906 0.450195 0.045312 0.111328
0 0.891406 0.471680 0.029687 0.189453
0 0.871875 0.432617 0.018750 0.060547
0 0.848437 0.456055 0.040625 0.111328
0 0.796094 0.463867 0.014063 0.103516
0 0.764844 0.499023 0.026562 0.169922
0 0.658594 0.458984 0.029687 0.097656
0 0.593750 0.472656 0.031250 0.097656
2 0.453125 0.467773 0.028125 0.029297
2 0.446875 0.455078 0.015625 0.015625
2 0.427344 0.453125 0.010937 0.015625
2 0.403125 0.458984 0.015625 0.019531
2 0.368750 0.464844 0.012500 0.019531
2 0.356250 0.470703 0.012500 0.019531
2 0.346875 0.472656 0.012500 0.019531
2 0.337500 0.472656 0.012500 0.019531
2 0.325000 0.472656 0.018750 0.031250
2 0.281250 0.481445 0.075000 0.072266