0 0.587500 0.520508 0.046875 0.158203
0 0.557031 0.503906 0.048438 0.179688
0 0.441406 0.485352 0.035937 0.154297
0 0.408594 0.490234 0.048438 0.148438
0 0.375000 0.464844 0.034375 0.132812
0 0.327344 0.455078 0.048438 0.140625
0 0.301563 0.426758 0.028125 0.083984
0 0.276562 0.457031 0.040625 0.125000
0 0.255469 0.412109 0.020313 0.070312
0 0.235156 0.461914 0.042188 0.126953
0 0.199219 0.446289 0.045312 0.130859
2 0.171875 0.434570 0.034375 0.060547
2 0.471094 0.450195 0.045312 0.064453
2 0.623437 0.469727 0.037500 0.072266
2 0.707031 0.430664 0.079687 0.037109
2 0.839844 0.437500 0.079687 0.027344
2 0.687500 0.451172 0.087500 0.039062
2 0.892188 0.448242 0.075000 0.025391