1 0.772656 0.572266 0.060937 0.101562
1 0.511719 0.495117 0.014063 0.052734
1 0.468750 0.496094 0.012500 0.046875
1 0.817187 0.506836 0.025000 0.056641
2 0.700000 0.495117 0.084375 0.115234
0 0.629687 0.468750 0.031250 0.082031
0 0.017188 0.494141 0.034375 0.144531
0 0.178906 0.473633 0.023438 0.068359
1 0.214062 0.500000 0.012500 0.046875
0 0.774219 0.488281 0.060937 0.195312
1 0.575781 0.487305 0.023438 0.037109
0 0.652344 0.461914 0.014063 0.052734
0 0.512500 0.469727 0.025000 0.083984
0 0.468750 0.473633 0.021875 0.080078
2 0.429688 0.464844 0.018750 0.023438
1 0.231250 0.502930 0.021875 0.037109