0 0.978125 0.523438 0.040625 0.140625
0 0.925781 0.521484 0.029687 0.097656
0 0.891406 0.511719 0.029687 0.113281
0 0.861719 0.516602 0.029687 0.115234
0 0.765625 0.521484 0.028125 0.109375
0 0.731250 0.530273 0.012500 0.083984
0 0.708594 0.532227 0.023438 0.083984
0 0.698438 0.525391 0.015625 0.089844
0 0.681250 0.532227 0.028125 0.087891
0 0.660156 0.534180 0.026562 0.087891
0 0.642188 0.535156 0.021875 0.062500
0 0.629687 0.538086 0.021875 0.064453
0 0.610156 0.537109 0.020313 0.062500
0 0.588281 0.539062 0.020313 0.058594
0 0.575000 0.536133 0.018750 0.052734
0 0.563281 0.538086 0.020313 0.044922
2 0.410938 0.494141 0.015625 0.019531
2 0.403906 0.509766 0.017188 0.019531
2 0.428906 0.510742 0.020313 0.021484
2 0.410938 0.552734 0.034375 0.066406
2 0.380469 0.536133 0.032813 0.041016
2 0.335938 0.537109 0.043750 0.042969
2 0.467187 0.549805 0.071875 0.087891
0 0.306250 0.538086 0.012500 0.041016
0 0.266406 0.530273 0.014063 0.044922
0 0.257031 0.531250 0.014063 0.042969
0 0.228125 0.538086 0.015625 0.041016
2 0.196875 0.557617 0.028125 0.037109
2 0.168750 0.549805 0.021875 0.052734