0 0.071875 0.441406 0.025000 0.066406
0 0.250000 0.458984 0.021875 0.058594
0 0.351562 0.460938 0.021875 0.062500
0 0.434375 0.460938 0.028125 0.042969
0 0.809375 0.481445 0.028125 0.064453
0 0.894531 0.491211 0.029687 0.107422
0 0.933594 0.500977 0.029687 0.072266
0 0.985938 0.476562 0.025000 0.066406
2 0.530469 0.461914 0.035937 0.037109
2 0.617188 0.476562 0.043750 0.042969
2 0.596094 0.468750 0.023438 0.039062
2 0.964063 0.685547 0.065625 0.167969
2 0.585156 0.463867 0.020313 0.033203
2 0.574219 0.459961 0.020313 0.025391
0 0.707812 0.468750 0.018750 0.046875
0 0.284375 0.454102 0.018750 0.033203
0 0.301563 0.449219 0.018750 0.027344
0 0.140625 0.458008 0.028125 0.083984