2 0.949219 0.496094 0.098437 0.238281
2 0.867188 0.492188 0.068750 0.167969
2 0.789844 0.500000 0.092188 0.125000
2 0.720313 0.488281 0.046875 0.128906
2 0.682031 0.481445 0.032813 0.107422
2 0.641406 0.481445 0.048438 0.087891
2 0.601562 0.477539 0.034375 0.091797
2 0.571094 0.487305 0.029687 0.041016
2 0.550781 0.482422 0.020313 0.035156
2 0.527344 0.484375 0.026562 0.027344
2 0.465625 0.484375 0.028125 0.027344
2 0.440625 0.483398 0.021875 0.025391
0 0.417969 0.479492 0.010937 0.037109
0 0.396875 0.471680 0.018750 0.025391
1 0.396875 0.492188 0.015625 0.023438