0 0.047656 0.654297 0.092188 0.351562
2 0.135937 0.542969 0.156250 0.187500
2 0.247656 0.506836 0.098437 0.103516
2 0.303906 0.495117 0.042188 0.060547
2 0.342969 0.471680 0.045312 0.044922
2 0.604688 0.509766 0.090625 0.097656
2 0.564063 0.475586 0.071875 0.087891
2 0.520312 0.458984 0.040625 0.046875
0 0.695312 0.499023 0.028125 0.091797
0 0.660937 0.496094 0.031250 0.093750
0 0.797656 0.502930 0.032813 0.064453
2 0.763281 0.615234 0.248438 0.207031
2 0.382812 0.453125 0.021875 0.031250
2 0.389062 0.448242 0.028125 0.033203
2 0.365625 0.459961 0.028125 0.037109