2 0.571875 0.481445 0.100000 0.044922
0 0.851562 0.511719 0.050000 0.109375
0 0.823438 0.500977 0.028125 0.107422
0 0.800781 0.504883 0.035937 0.103516
0 0.200000 0.501953 0.050000 0.109375
0 0.393750 0.484375 0.037500 0.074219
0 0.345313 0.470703 0.021875 0.074219
0 0.260156 0.466797 0.020313 0.070312
1 0.393750 0.515625 0.028125 0.062500
1 0.195312 0.530273 0.034375 0.076172
2 0.969531 0.495117 0.051562 0.060547
2 0.926562 0.509766 0.028125 0.031250
2 0.446094 0.472656 0.048438 0.046875
0 0.283594 0.469727 0.023438 0.068359
0 0.326562 0.461914 0.018750 0.052734