2 0.959375 0.697266 0.075000 0.199219
2 0.955469 0.519531 0.085938 0.156250
2 0.899219 0.495117 0.123438 0.123047
2 0.707812 0.471680 0.056250 0.052734
2 0.746875 0.482422 0.062500 0.066406
0 0.810937 0.540039 0.084375 0.255859
0 0.667188 0.499023 0.040625 0.130859
2 0.214062 0.520508 0.171875 0.130859
2 0.317188 0.503906 0.084375 0.097656
2 0.362500 0.491211 0.040625 0.076172
2 0.385937 0.478516 0.056250 0.078125
2 0.461719 0.457031 0.042188 0.046875
0 0.266406 0.439453 0.032813 0.035156
0 0.635938 0.466797 0.018750 0.042969
0 0.623437 0.457031 0.018750 0.042969
2 0.592969 0.456055 0.029687 0.029297
2 0.484375 0.457031 0.018750 0.031250
2 0.491406 0.446289 0.023438 0.037109
2 0.308594 0.436523 0.079687 0.037109
2 0.414062 0.472656 0.040625 0.070312
2 0.430469 0.469727 0.032813 0.060547