0 0.735938 0.474609 0.015625 0.054688
0 0.724219 0.474609 0.010937 0.050781
0 0.714063 0.471680 0.009375 0.044922
0 0.707031 0.470703 0.007812 0.050781
0 0.694531 0.472656 0.014063 0.062500
0 0.680469 0.475586 0.010937 0.056641
0 0.666406 0.474609 0.010937 0.054688
0 0.657031 0.472656 0.010937 0.054688
0 0.639062 0.472656 0.012500 0.050781
0 0.621875 0.474609 0.012500 0.050781
0 0.611719 0.461914 0.010937 0.029297
0 0.599219 0.459961 0.010937 0.037109
0 0.584375 0.458008 0.012500 0.037109
0 0.570312 0.458008 0.012500 0.041016
2 0.467969 0.441406 0.017188 0.015625
2 0.452344 0.481445 0.073438 0.068359
2 0.346875 0.451172 0.025000 0.027344
2 0.051562 0.507812 0.103125 0.128906