2 0.685937 0.501953 0.206250 0.183594
2 0.831250 0.463867 0.084375 0.041016
2 0.558594 0.491211 0.054688 0.060547
2 0.454688 0.499023 0.028125 0.037109
2 0.426563 0.504883 0.021875 0.025391
2 0.409375 0.507812 0.018750 0.027344
2 0.397656 0.502930 0.020313 0.033203
2 0.373437 0.496094 0.028125 0.042969
2 0.353125 0.498047 0.025000 0.035156
2 0.318750 0.498047 0.046875 0.054688
2 0.250000 0.498047 0.087500 0.089844
0 0.150000 0.496094 0.025000 0.074219
0 0.056250 0.500000 0.021875 0.078125
2 0.492188 0.506836 0.025000 0.029297