0 0.994531 0.480469 0.007812 0.117188
0 0.952344 0.479492 0.029687 0.134766
0 0.925000 0.487305 0.031250 0.126953
0 0.900781 0.447266 0.020313 0.042969
0 0.885156 0.489258 0.029687 0.126953
0 0.856250 0.473633 0.025000 0.103516
0 0.797656 0.474609 0.020313 0.062500
0 0.778125 0.464844 0.025000 0.078125
0 0.753125 0.466797 0.025000 0.070312
0 0.667969 0.473633 0.020313 0.064453
0 0.642969 0.460938 0.020313 0.050781
0 0.633594 0.446289 0.020313 0.044922
0 0.600000 0.447266 0.012500 0.035156
2 0.563281 0.451172 0.020313 0.027344
2 0.449219 0.468750 0.067187 0.058594