2 0.864062 0.421875 0.037500 0.031250
2 0.832812 0.447266 0.100000 0.046875
0 0.735938 0.464844 0.031250 0.113281
2 0.730469 0.435547 0.023438 0.042969
2 0.706250 0.434570 0.028125 0.041016
2 0.659375 0.441406 0.034375 0.054688
0 0.617188 0.473633 0.021875 0.087891
0 0.651563 0.460938 0.025000 0.074219
2 0.609375 0.421875 0.053125 0.015625
2 0.518750 0.455078 0.021875 0.039062
2 0.488281 0.456055 0.023438 0.037109
2 0.342187 0.458984 0.025000 0.031250
2 0.323437 0.457031 0.018750 0.023438
2 0.300781 0.454102 0.026562 0.033203
2 0.271094 0.435547 0.035937 0.023438
2 0.271875 0.457031 0.025000 0.035156
2 0.235156 0.477539 0.057813 0.068359
2 0.146875 0.492188 0.150000 0.167969
2 0.054688 0.571289 0.109375 0.369141