0 0.706250 0.467773 0.046875 0.130859
0 0.629687 0.468750 0.018750 0.089844
0 0.612500 0.463867 0.025000 0.099609
0 0.179688 0.489258 0.021875 0.083984
0 0.160156 0.494141 0.023438 0.070312
0 0.447656 0.465820 0.020313 0.068359
2 0.831250 0.470703 0.025000 0.070312
2 0.805469 0.459961 0.051562 0.072266
2 0.925781 0.447266 0.145313 0.140625
2 0.950000 0.488281 0.096875 0.117188
0 0.462500 0.457031 0.015625 0.046875
0 0.477344 0.457031 0.014063 0.039062
0 0.128906 0.487305 0.017188 0.037109
0 0.362500 0.457031 0.012500 0.027344
0 0.380469 0.462891 0.010937 0.027344
0 0.397656 0.460938 0.010937 0.035156