2 0.956250 0.496094 0.081250 0.050781
2 0.897656 0.510742 0.029687 0.025391
0 0.790625 0.509766 0.034375 0.097656
0 0.765625 0.504883 0.021875 0.095703
0 0.740625 0.503906 0.037500 0.089844
0 0.431250 0.477539 0.021875 0.064453
0 0.381250 0.479492 0.025000 0.072266
0 0.360938 0.473633 0.021875 0.068359
0 0.273438 0.495117 0.031250 0.076172
2 0.573438 0.482422 0.087500 0.050781
0 0.337500 0.476562 0.025000 0.062500
0 0.398438 0.468750 0.018750 0.054688
2 0.459375 0.480469 0.040625 0.042969
1 0.276562 0.526367 0.021875 0.060547