0 0.982812 0.518555 0.031250 0.302734
0 0.886719 0.512695 0.092188 0.294922
2 0.939844 0.412109 0.076563 0.062500
2 0.942969 0.493164 0.070312 0.099609
0 0.822656 0.488281 0.051562 0.214844
0 0.778125 0.511719 0.090625 0.316406
0 0.732031 0.500000 0.057813 0.226562
0 0.403125 0.462891 0.021875 0.058594
0 0.188281 0.488281 0.023438 0.054688
0 0.125781 0.488281 0.023438 0.035156
0 0.108594 0.495117 0.023438 0.052734
0 0.652344 0.459961 0.029687 0.076172
0 0.630469 0.460938 0.029687 0.078125
0 0.554688 0.455078 0.018750 0.039062