2 0.817969 0.567383 0.182812 0.154297
2 0.723437 0.531250 0.087500 0.093750
2 0.607812 0.476562 0.037500 0.035156
2 0.543750 0.467773 0.040625 0.044922
0 0.256250 0.462891 0.021875 0.050781
0 0.235937 0.455078 0.018750 0.062500
0 0.425000 0.465820 0.021875 0.052734
2 0.589844 0.465820 0.023438 0.033203
2 0.578125 0.465820 0.018750 0.025391
0 0.682813 0.470703 0.021875 0.035156
0 0.657813 0.465820 0.018750 0.044922
2 0.443750 0.464844 0.028125 0.035156
0 0.320312 0.458984 0.015625 0.042969
0 0.343750 0.458008 0.018750 0.033203
0 0.357031 0.453125 0.020313 0.023438