0 0.946875 0.506836 0.040625 0.150391
0 0.896875 0.529297 0.043750 0.152344
0 0.977344 0.477539 0.020313 0.072266
0 0.859375 0.524414 0.034375 0.126953
0 0.839844 0.515625 0.023438 0.109375
0 0.814844 0.523438 0.029687 0.117188
0 0.789844 0.515625 0.020313 0.113281
0 0.764062 0.521484 0.028125 0.105469
0 0.748437 0.505859 0.015625 0.078125
0 0.712500 0.497070 0.015625 0.076172
0 0.695312 0.461914 0.012500 0.044922
0 0.676562 0.461914 0.012500 0.041016
0 0.660937 0.489258 0.015625 0.072266
0 0.637500 0.494141 0.018750 0.066406
0 0.620313 0.481445 0.015625 0.056641
0 0.606250 0.482422 0.015625 0.050781
0 0.557813 0.453125 0.009375 0.035156
2 0.498437 0.459961 0.037500 0.029297
2 0.451562 0.460938 0.065625 0.031250
2 0.400000 0.451172 0.018750 0.031250
2 0.382031 0.462891 0.029687 0.039062
2 0.349219 0.485352 0.048438 0.056641
2 0.297656 0.488281 0.045312 0.050781
2 0.408594 0.531250 0.067187 0.101562
2 0.489844 0.547852 0.142187 0.142578
0 0.253125 0.495117 0.015625 0.060547
0 0.239844 0.493164 0.020313 0.060547
0 0.210938 0.481445 0.015625 0.052734
0 0.187500 0.485352 0.012500 0.052734
0 0.174219 0.490234 0.017188 0.058594
2 0.053125 0.510742 0.106250 0.091797
0 0.763281 0.451172 0.014063 0.035156
0 0.729688 0.466797 0.015625 0.046875
0 0.742188 0.467773 0.015625 0.044922
0 0.635938 0.449219 0.015625 0.023438
0 0.567969 0.453125 0.010937 0.031250