0 0.658594 0.463867 0.026562 0.095703
0 0.680469 0.463867 0.029687 0.099609
0 0.703906 0.464844 0.023438 0.097656
2 0.811719 0.459961 0.054688 0.072266
2 0.925781 0.451172 0.145313 0.148438
2 0.952344 0.491211 0.092188 0.107422
2 0.431250 0.473633 0.046875 0.052734
0 0.599219 0.463867 0.020313 0.052734
0 0.120313 0.491211 0.028125 0.064453
0 0.100000 0.472656 0.018750 0.027344
0 0.375000 0.465820 0.015625 0.037109
0 0.557031 0.459961 0.020313 0.044922
0 0.635156 0.451172 0.020313 0.050781
0 0.881250 0.416016 0.031250 0.035156