0 0.721094 0.530273 0.023438 0.087891
2 0.643750 0.519531 0.046875 0.046875
2 0.590625 0.505859 0.037500 0.035156
2 0.914844 0.738281 0.167187 0.398438
2 0.443750 0.518555 0.046875 0.056641
2 0.406250 0.525391 0.050000 0.066406
2 0.359375 0.531250 0.093750 0.074219
2 0.225781 0.549805 0.160938 0.162109
2 0.099219 0.590820 0.195312 0.181641
2 0.469531 0.512695 0.026562 0.041016
2 0.488281 0.509766 0.023438 0.035156
2 0.504687 0.500977 0.028125 0.041016
0 0.555469 0.500000 0.014063 0.027344
0 0.542188 0.506836 0.015625 0.044922
2 0.745313 0.519531 0.040625 0.039062