2 0.070312 0.510742 0.140625 0.115234
2 0.908594 0.572266 0.179688 0.390625
2 0.785937 0.528320 0.209375 0.197266
2 0.672656 0.509766 0.129688 0.117188
1 0.416406 0.504883 0.054688 0.029297
2 0.531250 0.479492 0.050000 0.044922
2 0.300000 0.480469 0.046875 0.046875
2 0.504687 0.474609 0.031250 0.039062
2 0.379688 0.469727 0.018750 0.025391
2 0.483594 0.470703 0.020313 0.035156
2 0.459375 0.465820 0.025000 0.025391
2 0.398438 0.466797 0.018750 0.027344
2 0.356250 0.470703 0.028125 0.035156
2 0.334375 0.476562 0.018750 0.039062
0 0.420312 0.472656 0.021875 0.039062