2 0.425781 0.508789 0.101562 0.095703
2 0.533594 0.497070 0.117188 0.072266
2 0.670312 0.482422 0.134375 0.089844
2 0.750781 0.478516 0.051562 0.058594
2 0.889062 0.473633 0.081250 0.056641
0 0.108594 0.509766 0.057813 0.125000
0 0.317188 0.502930 0.046875 0.154297
0 0.358594 0.499023 0.051562 0.134766
1 0.364844 0.541992 0.054688 0.072266
0 0.940625 0.514648 0.056250 0.162109
0 0.815625 0.475586 0.025000 0.060547
0 0.786719 0.465820 0.023438 0.064453
0 0.575781 0.462891 0.023438 0.042969
0 0.558594 0.452148 0.020313 0.025391
0 0.541406 0.453125 0.017188 0.019531
0 0.529687 0.453125 0.018750 0.023438
0 0.449219 0.459961 0.023438 0.037109
1 0.284375 0.527344 0.028125 0.054688