2 0.589844 0.511719 0.035937 0.046875
2 0.405469 0.499023 0.045312 0.060547
0 0.232031 0.497070 0.023438 0.087891
0 0.259375 0.492188 0.021875 0.070312
0 0.089844 0.498047 0.035937 0.128906
0 0.065625 0.488281 0.025000 0.105469
0 0.049219 0.496094 0.035937 0.109375
2 0.434375 0.504883 0.021875 0.037109
2 0.453125 0.499023 0.015625 0.037109
0 0.477344 0.494141 0.014063 0.035156
0 0.501563 0.496094 0.015625 0.039062
1 0.878125 0.658203 0.043750 0.113281
1 0.757812 0.595703 0.028125 0.074219
0 0.294531 0.500000 0.020313 0.050781
1 0.827344 0.594727 0.035937 0.072266