0 0.410156 0.480469 0.067187 0.125000
0 0.539062 0.594727 0.175000 0.404297
0 0.799219 0.648438 0.145313 0.281250
0 0.719531 0.464844 0.023438 0.074219
0 0.702344 0.457031 0.020313 0.066406
2 0.255469 0.465820 0.085938 0.056641
0 0.015625 0.441406 0.025000 0.066406
0 0.060156 0.439453 0.020313 0.027344
0 0.079687 0.438477 0.021875 0.025391
0 0.853125 0.441406 0.025000 0.039062
0 0.982031 0.453125 0.026562 0.050781
0 0.688281 0.458008 0.020313 0.060547
2 0.516406 0.450195 0.020313 0.025391
0 0.502344 0.452148 0.014063 0.037109
0 0.492188 0.452148 0.012500 0.041016