1 0.870313 0.616211 0.112500 0.212891
1 0.577344 0.529297 0.039062 0.125000
1 0.421094 0.543945 0.029687 0.130859
1 0.476562 0.472656 0.012500 0.039062
0 0.629687 0.445312 0.021875 0.089844
0 0.864062 0.480469 0.115625 0.320312
0 0.581250 0.452148 0.053125 0.205078
0 0.479687 0.431641 0.018750 0.042969
0 0.426563 0.479492 0.053125 0.236328
2 0.393750 0.451172 0.021875 0.031250
2 0.367969 0.452148 0.023438 0.029297
1 0.196875 0.475586 0.031250 0.052734
1 0.184375 0.461914 0.025000 0.041016
1 0.236719 0.473633 0.023438 0.041016