2 0.391406 0.440430 0.104688 0.099609
2 0.334375 0.423828 0.046875 0.062500
2 0.010937 0.424805 0.021875 0.076172
2 0.040625 0.427734 0.050000 0.062500
2 0.066406 0.423828 0.029687 0.046875
2 0.093750 0.424805 0.031250 0.044922
2 0.103125 0.419922 0.046875 0.054688
2 0.586719 0.384766 0.070312 0.019531
2 0.303906 0.418945 0.029687 0.056641
2 0.284375 0.415039 0.021875 0.029297
2 0.268750 0.415039 0.028125 0.029297
2 0.231250 0.409180 0.025000 0.029297
2 0.203125 0.416016 0.021875 0.027344
2 0.181250 0.416992 0.021875 0.033203
2 0.161719 0.416016 0.023438 0.035156
2 0.143750 0.416016 0.021875 0.035156
2 0.132031 0.421875 0.020313 0.035156