1 0.905469 0.520508 0.067187 0.068359
1 0.864062 0.520508 0.043750 0.068359
0 0.681250 0.542969 0.053125 0.164062
0 0.403125 0.461914 0.025000 0.076172
0 0.385156 0.459961 0.023438 0.076172
2 0.255469 0.473633 0.104688 0.076172
2 0.165625 0.463867 0.093750 0.056641
2 0.094531 0.453125 0.070312 0.062500
0 0.102344 0.454102 0.023438 0.064453
1 0.102344 0.463867 0.017188 0.037109
0 0.237500 0.432617 0.021875 0.044922
1 0.370312 0.495117 0.040625 0.068359
0 0.792969 0.489258 0.023438 0.087891
0 0.782813 0.476562 0.021875 0.074219