0 0.011719 0.511719 0.020313 0.082031
0 0.029687 0.509766 0.028125 0.070312
0 0.615625 0.468750 0.025000 0.074219
0 0.800000 0.475586 0.037500 0.154297
0 0.772656 0.486328 0.048438 0.164062
0 0.738281 0.468750 0.032813 0.136719
2 0.413281 0.467773 0.051562 0.037109
2 0.496875 0.513672 0.143750 0.121094
2 0.924219 0.449219 0.145313 0.144531
2 0.950000 0.490234 0.093750 0.117188
0 0.126562 0.487305 0.025000 0.033203
2 0.642969 0.449219 0.023438 0.027344
0 0.663281 0.433594 0.020313 0.039062
0 0.600000 0.456055 0.021875 0.052734
0 0.580469 0.458008 0.020313 0.044922