2 0.040625 0.499023 0.081250 0.115234
2 0.164844 0.480469 0.060937 0.082031
2 0.548438 0.479492 0.078125 0.076172
1 0.109375 0.544922 0.056250 0.078125
1 0.205469 0.536133 0.026562 0.064453
1 0.267188 0.516602 0.031250 0.056641
1 0.342187 0.597656 0.068750 0.093750
1 0.439063 0.588867 0.090625 0.138672
0 0.388281 0.515625 0.092188 0.199219
0 0.267969 0.471680 0.032813 0.095703
0 0.203125 0.493164 0.034375 0.126953
0 0.235937 0.471680 0.040625 0.087891
2 0.506250 0.482422 0.025000 0.042969
2 0.500000 0.473633 0.031250 0.041016
0 0.309375 0.473633 0.034375 0.076172
0 0.326562 0.465820 0.021875 0.060547