0 0.894531 0.587891 0.092188 0.355469
0 0.677344 0.462891 0.029687 0.070312
0 0.340625 0.435547 0.018750 0.039062
2 0.964063 0.522461 0.065625 0.150391
2 0.768750 0.495117 0.100000 0.095703
2 0.377344 0.462891 0.051562 0.050781
2 0.300000 0.476562 0.106250 0.105469
2 0.221875 0.463867 0.087500 0.064453
2 0.060156 0.445312 0.107813 0.042969
2 0.404687 0.455078 0.043750 0.054688
2 0.614844 0.453125 0.023438 0.035156
2 0.589063 0.457031 0.043750 0.050781
2 0.548438 0.441406 0.018750 0.023438
2 0.442188 0.451172 0.025000 0.039062
2 0.471094 0.441406 0.023438 0.031250
2 0.655469 0.455078 0.032813 0.039062
2 0.856250 0.491211 0.028125 0.076172