0 0.978125 0.481445 0.040625 0.087891
2 0.910937 0.514648 0.162500 0.197266
2 0.922656 0.426758 0.142187 0.103516
2 0.809375 0.458984 0.062500 0.074219
0 0.659375 0.463867 0.021875 0.083984
0 0.635156 0.460938 0.032813 0.089844
0 0.608594 0.474609 0.029687 0.078125
0 0.550781 0.458008 0.020313 0.044922
0 0.577344 0.460938 0.023438 0.066406
2 0.728125 0.458984 0.037500 0.050781
2 0.453906 0.462891 0.032813 0.027344
0 0.128125 0.489258 0.018750 0.033203
0 0.113281 0.496094 0.020313 0.042969
0 0.103125 0.466797 0.021875 0.035156
0 0.076563 0.471680 0.025000 0.033203
0 0.378125 0.461914 0.012500 0.029297