1 0.871875 0.466797 0.031250 0.046875
1 0.818750 0.464844 0.034375 0.046875
0 0.850000 0.433594 0.025000 0.117188
1 0.787500 0.466797 0.031250 0.050781
0 0.753906 0.436523 0.032813 0.087891
0 0.728125 0.424805 0.025000 0.068359
1 0.715625 0.473633 0.037500 0.052734
2 0.607031 0.414062 0.039062 0.074219
2 0.484375 0.428711 0.040625 0.044922
2 0.425000 0.396484 0.015625 0.019531
2 0.447656 0.400391 0.017188 0.019531
2 0.452344 0.412109 0.017188 0.019531
2 0.457813 0.427734 0.015625 0.027344
2 0.388281 0.394531 0.017188 0.019531
2 0.380469 0.424805 0.026562 0.052734
2 0.362500 0.430664 0.025000 0.052734
2 0.322656 0.434570 0.085938 0.091797