1 0.396875 0.595703 0.028125 0.074219
1 0.260156 0.527344 0.020313 0.054688
0 0.568750 0.536133 0.040625 0.177734
0 0.402344 0.538086 0.057813 0.158203
0 0.260937 0.508789 0.028125 0.064453
0 0.215625 0.481445 0.021875 0.072266
0 0.237500 0.477539 0.021875 0.072266
0 0.260156 0.464844 0.020313 0.046875
2 0.843750 0.642578 0.306250 0.238281
2 0.332031 0.477539 0.051562 0.056641
2 0.077344 0.600586 0.151562 0.189453
2 0.955469 0.488281 0.082812 0.078125
2 0.531250 0.481445 0.050000 0.044922
2 0.513281 0.467773 0.032813 0.044922
2 0.447656 0.460938 0.026562 0.035156