0 0.926562 0.439453 0.043750 0.058594
1 0.925781 0.577148 0.107813 0.208984
1 0.768750 0.518555 0.075000 0.154297
1 0.638281 0.589844 0.054688 0.207031
1 0.515625 0.588867 0.037500 0.185547
1 0.391406 0.496094 0.017188 0.070312
1 0.683594 0.492188 0.017188 0.078125
1 0.723437 0.496094 0.034375 0.062500
1 0.826562 0.519531 0.037500 0.125000
1 0.850781 0.523438 0.023438 0.117188
1 0.989062 0.552734 0.018750 0.171875
0 0.982812 0.443359 0.018750 0.031250
0 0.964063 0.446289 0.021875 0.037109
0 0.638281 0.394531 0.085938 0.195312
0 0.587500 0.442383 0.021875 0.060547
1 0.586719 0.485352 0.023438 0.037109
0 0.511719 0.421875 0.073438 0.156250
0 0.392969 0.436523 0.029687 0.056641
0 0.312500 0.443359 0.012500 0.023438