2 0.673438 0.430664 0.046875 0.037109
2 0.901563 0.428711 0.071875 0.083984
2 0.155469 0.426758 0.160938 0.115234
0 0.143750 0.448242 0.037500 0.107422
0 0.256250 0.427734 0.031250 0.042969
0 0.284375 0.428711 0.028125 0.056641
0 0.304688 0.425781 0.028125 0.085938
0 0.371094 0.431641 0.048438 0.105469
0 0.504687 0.432617 0.031250 0.064453
0 0.539844 0.427734 0.032813 0.085938
0 0.469531 0.435547 0.032813 0.074219
1 0.143750 0.494141 0.053125 0.058594
1 0.370312 0.461914 0.046875 0.064453
2 0.034375 0.406250 0.059375 0.046875
0 0.205469 0.449219 0.042188 0.082031
0 0.432031 0.420898 0.032813 0.076172
1 0.503125 0.459961 0.028125 0.037109
1 0.535156 0.455078 0.029687 0.042969
1 0.461719 0.459961 0.026562 0.041016
1 0.435156 0.459961 0.026562 0.044922
1 0.408594 0.467773 0.023438 0.044922
1 0.243750 0.488281 0.031250 0.046875