0 0.917188 0.475586 0.034375 0.123047
0 0.840625 0.468750 0.018750 0.074219
0 0.653125 0.456055 0.015625 0.056641
2 0.559375 0.458984 0.065625 0.074219
2 0.522656 0.457031 0.020313 0.039062
2 0.507812 0.452148 0.018750 0.033203
2 0.481250 0.456055 0.034375 0.044922
2 0.456250 0.441406 0.018750 0.023438
2 0.439844 0.448242 0.020313 0.029297
2 0.394531 0.457031 0.035937 0.039062
2 0.301563 0.466797 0.053125 0.070312
2 0.263281 0.457031 0.039062 0.089844
2 0.191406 0.456055 0.117188 0.119141
2 0.079687 0.486328 0.159375 0.121094