2 0.391406 0.476562 0.067187 0.058594
2 0.254688 0.474609 0.059375 0.050781
2 0.295312 0.469727 0.037500 0.048828
2 0.307812 0.462891 0.034375 0.046875
2 0.514062 0.471680 0.046875 0.044922
1 0.011719 0.501953 0.020313 0.035156
0 0.032031 0.483398 0.020313 0.072266
1 0.729688 0.492188 0.028125 0.039062
2 0.489844 0.468750 0.020313 0.042969
2 0.479687 0.462891 0.021875 0.042969
2 0.464062 0.463867 0.018750 0.029297
2 0.451562 0.463867 0.018750 0.029297
2 0.433594 0.459961 0.020313 0.025391
2 0.329688 0.466797 0.012500 0.042969
2 0.339062 0.463867 0.012500 0.037109
2 0.352344 0.460938 0.014063 0.035156
1 0.053906 0.500000 0.023438 0.039062