2 0.899219 0.787109 0.198437 0.375000
0 0.134375 0.540039 0.043750 0.126953
0 0.155469 0.484375 0.023438 0.085938
0 0.176563 0.481445 0.021875 0.072266
0 0.200781 0.477539 0.020313 0.072266
0 0.378906 0.559570 0.060937 0.193359
0 0.526563 0.532227 0.046875 0.181641
1 0.381250 0.609375 0.037500 0.109375
1 0.134375 0.574219 0.028125 0.074219
2 0.292969 0.481445 0.067187 0.056641
2 0.428125 0.456055 0.028125 0.037109
2 0.332031 0.475586 0.023438 0.044922
2 0.339844 0.473633 0.020313 0.041016
2 0.494531 0.470703 0.026562 0.050781