2 0.054688 0.609375 0.109375 0.207031
2 0.175000 0.482422 0.071875 0.046875
2 0.210938 0.461914 0.103125 0.076172
2 0.357812 0.503906 0.078125 0.089844
2 0.598437 0.499023 0.059375 0.072266
2 0.653125 0.522461 0.096875 0.087891
2 0.717969 0.567383 0.145313 0.146484
2 0.797656 0.641602 0.226562 0.224609
2 0.894531 0.770508 0.204687 0.443359
2 0.503125 0.446289 0.025000 0.025391
2 0.562500 0.461914 0.037500 0.037109
2 0.453125 0.455078 0.025000 0.023438
2 0.299219 0.469727 0.054688 0.044922
2 0.032813 0.500977 0.062500 0.052734
2 0.100781 0.527344 0.032813 0.097656