2 0.051562 0.534180 0.100000 0.244141
2 0.221875 0.530273 0.165625 0.123047
2 0.314063 0.506836 0.090625 0.099609
2 0.364844 0.501953 0.045312 0.066406
2 0.401562 0.501953 0.043750 0.066406
2 0.696875 0.517578 0.068750 0.097656
2 0.749219 0.550781 0.157812 0.144531
2 0.888281 0.519531 0.035937 0.066406
0 0.428906 0.494141 0.020313 0.074219
0 0.448437 0.492188 0.021875 0.078125
0 0.610938 0.463867 0.021875 0.060547
0 0.642188 0.511719 0.056250 0.179688
0 0.592969 0.510742 0.032813 0.103516
2 0.550781 0.478516 0.045312 0.035156
2 0.461719 0.476562 0.032813 0.039062