2 0.932031 0.647461 0.132812 0.353516
2 0.450781 0.473633 0.092188 0.068359
2 0.398438 0.459961 0.015625 0.056641
2 0.469531 0.460938 0.060937 0.078125
2 0.502344 0.453125 0.035937 0.062500
0 0.050000 0.507812 0.100000 0.230469
0 0.206250 0.463867 0.021875 0.076172
0 0.226562 0.457031 0.021875 0.082031
0 0.896875 0.458008 0.034375 0.087891
0 0.932031 0.446289 0.039062 0.099609
1 0.646094 0.476562 0.014063 0.035156
1 0.610938 0.476562 0.015625 0.039062
1 0.336719 0.512695 0.095312 0.056641
0 0.704688 0.458984 0.015625 0.042969
0 0.643750 0.443359 0.018750 0.039062
0 0.609375 0.437500 0.021875 0.042969
2 0.373437 0.462891 0.037500 0.070312
0 0.338281 0.451172 0.045312 0.070312
0 0.298438 0.455078 0.018750 0.050781
0 0.186719 0.431641 0.020313 0.042969
0 0.775781 0.434570 0.017188 0.037109