2 0.043750 0.639648 0.087500 0.240234
0 0.153906 0.477539 0.020313 0.056641
0 0.533594 0.459961 0.020313 0.056641
2 0.132031 0.591797 0.170313 0.179688
2 0.214844 0.539062 0.110937 0.109375
2 0.293750 0.506836 0.084375 0.119141
2 0.340625 0.494141 0.046875 0.066406
2 0.394531 0.460938 0.051562 0.058594
2 0.970313 0.880859 0.056250 0.230469
2 0.870313 0.713867 0.250000 0.294922
2 0.714844 0.542969 0.160938 0.152344
2 0.639062 0.526367 0.075000 0.103516
2 0.616406 0.503906 0.048438 0.089844
2 0.610938 0.489258 0.068750 0.095703
2 0.426563 0.454102 0.021875 0.041016
2 0.564844 0.463867 0.045312 0.056641