0 0.328906 0.619141 0.085938 0.261719
0 0.103125 0.606445 0.075000 0.224609
2 0.133594 0.551758 0.198437 0.169922
2 0.225781 0.527344 0.107813 0.148438
2 0.373437 0.477539 0.037500 0.064453
2 0.321875 0.458008 0.075000 0.052734
2 0.421094 0.453125 0.048438 0.042969
2 0.569531 0.458008 0.045312 0.044922
2 0.617969 0.513672 0.073438 0.082031
2 0.700000 0.527344 0.125000 0.121094
2 0.743750 0.574219 0.178125 0.156250
2 0.883594 0.661133 0.229687 0.251953
2 0.451562 0.446289 0.028125 0.029297
2 0.461719 0.442383 0.029687 0.033203
2 0.490625 0.442383 0.018750 0.025391
2 0.736719 0.437500 0.104688 0.039062
2 0.671094 0.440430 0.032813 0.044922
2 0.283594 0.507812 0.051562 0.109375
2 0.504687 0.439453 0.018750 0.027344
2 0.844531 0.450195 0.048438 0.025391
1 0.346094 0.706055 0.042188 0.146484
1 0.089844 0.680664 0.048438 0.158203