2 0.079687 0.425781 0.159375 0.308594
2 0.192188 0.412109 0.090625 0.101562
2 0.239844 0.387695 0.101562 0.103516
2 0.322656 0.393555 0.067187 0.060547
2 0.379688 0.384766 0.043750 0.046875
2 0.502344 0.384766 0.035937 0.039062
2 0.550000 0.386719 0.037500 0.042969
2 0.662500 0.443359 0.128125 0.183594
0 0.621094 0.386719 0.026562 0.054688
2 0.819531 0.520508 0.357812 0.333984
2 0.410938 0.382812 0.025000 0.031250
2 0.429688 0.376953 0.025000 0.035156
0 0.443750 0.375977 0.018750 0.041016
2 0.584375 0.393555 0.037500 0.056641
2 0.357031 0.388672 0.032813 0.050781