2 0.539062 0.476562 0.071875 0.089844
2 0.393750 0.486328 0.050000 0.066406
0 0.465625 0.481445 0.025000 0.072266
0 0.361719 0.503906 0.026562 0.082031
2 0.328125 0.510742 0.059375 0.091797
2 0.248438 0.545898 0.146875 0.119141
2 0.087500 0.629883 0.175000 0.212891
2 0.675781 0.507812 0.120313 0.117188
2 0.726562 0.554688 0.121875 0.136719
2 0.826562 0.607422 0.215625 0.183594
2 0.925781 0.798828 0.142187 0.343750
2 0.615625 0.484375 0.056250 0.070312
2 0.753906 0.467773 0.057813 0.044922
2 0.751563 0.439453 0.056250 0.023438
2 0.953125 0.478516 0.087500 0.085938
2 0.871094 0.471680 0.060937 0.072266
2 0.808594 0.464844 0.029687 0.062500
2 0.502344 0.457031 0.026562 0.035156