0 0.775000 0.503906 0.040625 0.132812
0 0.706250 0.508789 0.037500 0.146484
0 0.344531 0.472656 0.029687 0.089844
0 0.307812 0.472656 0.034375 0.078125
1 0.346094 0.496094 0.023438 0.054688
1 0.307031 0.496094 0.023438 0.046875
2 0.152344 0.498047 0.092188 0.117188
2 0.243750 0.486328 0.084375 0.078125
2 0.897656 0.534180 0.201563 0.216797
2 0.073438 0.510742 0.137500 0.173828
0 0.403906 0.456055 0.014063 0.041016
0 0.414844 0.453125 0.010937 0.035156
2 0.454688 0.454102 0.028125 0.029297
0 0.482812 0.450195 0.015625 0.029297
0 0.495312 0.451172 0.015625 0.031250
2 0.663281 0.474609 0.051562 0.074219
2 0.612500 0.484375 0.021875 0.039062
2 0.604688 0.451172 0.031250 0.046875
2 0.571094 0.452148 0.026562 0.029297
2 0.742969 0.494141 0.045312 0.078125