0 0.855469 0.466797 0.023438 0.066406
2 0.889844 0.581055 0.217188 0.166016
2 0.974219 0.684570 0.048438 0.197266
2 0.617969 0.469727 0.035937 0.041016
2 0.540625 0.457031 0.034375 0.035156
0 0.400000 0.452148 0.021875 0.052734
0 0.182812 0.446289 0.025000 0.076172
0 0.160156 0.445312 0.020313 0.078125
0 0.425781 0.450195 0.023438 0.044922
0 0.985938 0.456055 0.018750 0.033203
0 0.821875 0.466797 0.025000 0.058594
0 0.706250 0.461914 0.018750 0.044922
2 0.601562 0.461914 0.018750 0.033203
2 0.592969 0.455078 0.023438 0.035156
2 0.581250 0.454102 0.018750 0.025391
0 0.287500 0.448242 0.021875 0.044922
0 0.095312 0.435547 0.025000 0.054688
0 0.319531 0.449219 0.020313 0.039062
0 0.333594 0.442383 0.020313 0.025391