0 0.490625 0.467773 0.025000 0.072266
0 0.470313 0.466797 0.021875 0.070312
0 0.454688 0.467773 0.025000 0.072266
0 0.582031 0.557617 0.057813 0.201172
1 0.585938 0.619141 0.031250 0.109375
2 0.939063 0.533203 0.112500 0.132812
2 0.927344 0.497070 0.129688 0.083984
2 0.863281 0.488281 0.085938 0.050781
2 0.679688 0.501953 0.068750 0.078125
2 0.627344 0.521484 0.070312 0.109375
2 0.811719 0.581055 0.210938 0.162109
2 0.414062 0.482422 0.068750 0.074219
2 0.375000 0.504883 0.050000 0.087891
2 0.332813 0.517578 0.090625 0.121094
2 0.238281 0.530273 0.145313 0.189453
2 0.148438 0.614258 0.190625 0.185547
2 0.046094 0.633789 0.092188 0.287109
0 0.698438 0.460938 0.018750 0.031250
2 0.748437 0.470703 0.040625 0.058594