2 0.157031 0.561523 0.185938 0.146484
2 0.239063 0.515625 0.112500 0.109375
2 0.324219 0.492188 0.073438 0.062500
2 0.612500 0.480469 0.075000 0.062500
2 0.658594 0.529297 0.079687 0.105469
2 0.710156 0.562500 0.092188 0.136719
2 0.850000 0.613281 0.281250 0.257812
2 0.057813 0.469727 0.087500 0.029297
2 0.151562 0.472656 0.109375 0.062500
2 0.358594 0.451172 0.032813 0.035156
2 0.391406 0.462891 0.045312 0.042969
2 0.407813 0.457031 0.034375 0.042969
2 0.501563 0.427734 0.021875 0.023438
2 0.563281 0.463867 0.032813 0.041016
2 0.578125 0.476562 0.028125 0.046875
2 0.539062 0.443359 0.021875 0.027344
0 0.429688 0.442383 0.012500 0.029297
0 0.457031 0.438477 0.010937 0.029297