0 0.293750 0.494141 0.040625 0.144531
0 0.554688 0.463867 0.021875 0.044922
2 0.670312 0.515625 0.084375 0.109375
2 0.731250 0.550781 0.178125 0.167969
2 0.858594 0.628906 0.279687 0.265625
2 0.948438 0.763672 0.096875 0.316406
2 0.096094 0.549805 0.182812 0.189453
2 0.203125 0.509766 0.143750 0.152344
2 0.331250 0.482422 0.050000 0.082031
2 0.367969 0.471680 0.054688 0.072266
2 0.413281 0.465820 0.032813 0.052734
2 0.438281 0.465820 0.023438 0.037109
2 0.631250 0.502930 0.071875 0.095703
2 0.621094 0.476562 0.079687 0.082031
2 0.455469 0.460938 0.020313 0.027344
2 0.469531 0.456055 0.023438 0.025391