1 0.554688 0.558594 0.040625 0.148438
1 0.451562 0.554688 0.028125 0.136719
1 0.364063 0.507812 0.012500 0.054688
0 0.417187 0.472656 0.028125 0.113281
0 0.907813 0.430664 0.031250 0.041016
2 0.307812 0.468750 0.059375 0.050781
2 0.010937 0.530273 0.021875 0.134766
2 0.067187 0.498047 0.134375 0.132812
0 0.188281 0.471680 0.014063 0.044922
1 0.792969 0.526367 0.048438 0.166016
1 0.889062 0.541016 0.043750 0.109375
1 0.845313 0.525391 0.056250 0.152344
1 0.739844 0.536133 0.054688 0.154297
1 0.692187 0.503906 0.025000 0.089844
1 0.664844 0.503906 0.029687 0.097656
1 0.637500 0.496094 0.025000 0.085938
1 0.606250 0.498047 0.040625 0.078125
0 0.556250 0.415039 0.062500 0.146484
0 0.449219 0.433594 0.048438 0.128906
0 0.362500 0.449219 0.028125 0.062500