2 0.935156 0.665039 0.126562 0.193359
2 0.673438 0.521484 0.171875 0.167969
2 0.573438 0.511719 0.056250 0.070312
2 0.046875 0.531250 0.093750 0.140625
2 0.253125 0.511719 0.065625 0.058594
2 0.278906 0.504883 0.048438 0.052734
2 0.317188 0.504883 0.034375 0.041016
2 0.546875 0.507812 0.040625 0.054688
0 0.212500 0.509766 0.046875 0.234375
2 0.520312 0.500000 0.021875 0.050781
2 0.503125 0.493164 0.021875 0.041016
2 0.483594 0.489258 0.020313 0.029297
2 0.467969 0.489258 0.020313 0.025391
2 0.450781 0.487305 0.017188 0.021484
2 0.409375 0.489258 0.018750 0.025391
2 0.396875 0.491211 0.018750 0.025391
2 0.377344 0.490234 0.020313 0.027344
2 0.360938 0.493164 0.018750 0.033203
2 0.344531 0.494141 0.020313 0.035156