2 0.026562 0.592773 0.050000 0.212891
2 0.111719 0.551758 0.207813 0.181641
2 0.245312 0.461914 0.053125 0.056641
2 0.368750 0.460938 0.078125 0.050781
2 0.621875 0.470703 0.037500 0.042969
2 0.573438 0.460938 0.034375 0.035156
2 0.709375 0.498047 0.087500 0.105469
2 0.774219 0.549805 0.117188 0.126953
2 0.876563 0.583008 0.237500 0.197266
2 0.952344 0.667969 0.085938 0.210938
0 0.758594 0.474609 0.026562 0.054688
0 0.718750 0.513672 0.031250 0.113281
2 0.270313 0.457031 0.046875 0.058594
2 0.299219 0.460938 0.029687 0.042969
2 0.310156 0.454102 0.042188 0.052734
2 0.439844 0.458008 0.032813 0.029297
0 0.460156 0.458984 0.017188 0.031250
2 0.523438 0.457031 0.021875 0.023438
2 0.646094 0.488281 0.042188 0.054688