0 0.664062 0.455078 0.021875 0.082031
0 0.650000 0.466797 0.018750 0.097656
2 0.491406 0.497070 0.120313 0.138672
2 0.397656 0.464844 0.029687 0.031250
0 0.282813 0.470703 0.012500 0.035156
0 0.275000 0.469727 0.009375 0.029297
0 0.261719 0.468750 0.010937 0.039062
0 0.323437 0.469727 0.009375 0.029297
0 0.309375 0.468750 0.009375 0.027344
0 0.300000 0.471680 0.009375 0.025391
0 0.236719 0.472656 0.014063 0.046875
0 0.220312 0.477539 0.012500 0.041016
0 0.203125 0.474609 0.012500 0.039062
0 0.061719 0.470703 0.020313 0.027344
1 0.063281 0.503906 0.023438 0.035156