2 0.480469 0.414062 0.082812 0.070312
2 0.535937 0.413086 0.025000 0.052734
2 0.557031 0.413086 0.032813 0.044922
2 0.592187 0.413086 0.043750 0.041016
2 0.917969 0.428711 0.157812 0.130859
2 0.957812 0.451172 0.081250 0.109375
2 0.754687 0.426758 0.062500 0.064453
0 0.669531 0.411133 0.023438 0.091797
0 0.702344 0.426758 0.035937 0.095703
2 0.617188 0.414062 0.018750 0.035156
2 0.641406 0.414062 0.029687 0.035156
2 0.235156 0.399414 0.045312 0.103516
2 0.147656 0.399414 0.110937 0.119141
2 0.042969 0.361328 0.085938 0.074219