2 0.971094 0.560547 0.054688 0.070312
2 0.714844 0.479492 0.054688 0.033203
2 0.667969 0.477539 0.045312 0.037109
2 0.760938 0.522461 0.271875 0.111328
2 0.544531 0.469727 0.026562 0.025391
2 0.526563 0.461914 0.021875 0.025391
2 0.479687 0.458984 0.021875 0.023438
2 0.429688 0.458984 0.021875 0.031250
2 0.396094 0.463867 0.051562 0.052734
0 0.338281 0.480469 0.023438 0.085938
0 0.307031 0.451172 0.014063 0.046875
0 0.291406 0.477539 0.023438 0.087891
0 0.268750 0.480469 0.018750 0.082031
0 0.220312 0.470703 0.021875 0.082031
0 0.192188 0.465820 0.021875 0.083984
0 0.136719 0.480469 0.026562 0.101562
0 0.107031 0.454102 0.023438 0.060547
2 0.056250 0.503906 0.112500 0.109375
0 0.636719 0.482422 0.020313 0.035156