0 0.782813 0.488281 0.056250 0.132812
2 0.591406 0.467773 0.085938 0.076172
2 0.545312 0.447266 0.046875 0.062500
2 0.521875 0.436523 0.031250 0.056641
2 0.503906 0.428711 0.023438 0.056641
2 0.478906 0.366211 0.026562 0.025391
2 0.457031 0.367188 0.020313 0.023438
2 0.430469 0.371094 0.023438 0.023438
2 0.484375 0.399414 0.034375 0.037109
2 0.376563 0.373047 0.028125 0.027344
2 0.357812 0.386719 0.018750 0.031250
2 0.350000 0.396484 0.018750 0.031250
2 0.335938 0.405273 0.021875 0.037109
2 0.324219 0.419922 0.023438 0.050781
2 0.292969 0.433594 0.048438 0.050781
2 0.219531 0.465820 0.089063 0.076172
2 0.092188 0.431641 0.078125 0.054688
2 0.030469 0.428711 0.029687 0.056641
0 0.703125 0.441406 0.021875 0.035156