2 0.650000 0.505859 0.171875 0.156250
0 0.509375 0.510742 0.043750 0.138672
2 0.546875 0.493164 0.059375 0.076172
2 0.075000 0.544922 0.150000 0.156250
2 0.135156 0.514648 0.079687 0.080078
2 0.189062 0.503906 0.078125 0.089844
2 0.239063 0.500000 0.025000 0.070312
2 0.317969 0.493164 0.014063 0.041016
2 0.478906 0.490234 0.020313 0.039062
2 0.464062 0.482422 0.018750 0.027344
2 0.451562 0.484375 0.018750 0.023438
2 0.436719 0.484375 0.014063 0.019531
2 0.396094 0.484375 0.017188 0.015625
2 0.379688 0.484375 0.018750 0.023438
2 0.359375 0.485352 0.021875 0.029297
2 0.339062 0.487305 0.025000 0.037109
2 0.296875 0.496094 0.046875 0.039062