2 0.068750 0.661133 0.137500 0.248047
2 0.153906 0.583984 0.154688 0.175781
2 0.257812 0.535156 0.121875 0.136719
2 0.353125 0.504883 0.090625 0.091797
2 0.492969 0.462891 0.057813 0.062500
2 0.658594 0.500977 0.101562 0.083984
2 0.829688 0.606445 0.175000 0.197266
2 0.907813 0.709961 0.181250 0.388672
2 0.105469 0.476562 0.110937 0.062500
2 0.210156 0.449219 0.101562 0.035156
2 0.184375 0.472656 0.062500 0.054688
2 0.613281 0.466797 0.051562 0.058594
2 0.901563 0.491211 0.121875 0.072266
2 0.957031 0.478516 0.082812 0.058594
2 0.410156 0.476562 0.042188 0.054688
0 0.432031 0.462891 0.023438 0.046875