0 0.551562 0.459961 0.018750 0.048828
0 0.133594 0.490234 0.023438 0.070312
2 0.836719 0.530273 0.310937 0.205078
2 0.728125 0.458984 0.040625 0.058594
2 0.802344 0.419922 0.051562 0.039062
2 0.809375 0.435547 0.059375 0.062500
2 0.886719 0.412109 0.073438 0.039062
2 0.941406 0.405273 0.101562 0.052734
0 0.578906 0.462891 0.020313 0.066406
0 0.597656 0.461914 0.020313 0.068359
0 0.639062 0.466797 0.021875 0.078125
0 0.619531 0.474609 0.032813 0.097656
0 0.657813 0.465820 0.031250 0.103516
0 0.378125 0.461914 0.012500 0.025391
0 0.111719 0.491211 0.026562 0.064453