0 0.699219 0.511719 0.067187 0.273438
1 0.314063 0.505859 0.018750 0.035156
2 0.163281 0.502930 0.120313 0.087891
2 0.235937 0.497070 0.028125 0.076172
2 0.264844 0.491211 0.035937 0.072266
2 0.292969 0.480469 0.020313 0.062500
2 0.803906 0.518555 0.148438 0.177734
2 0.645312 0.508789 0.040625 0.111328
2 0.596094 0.496094 0.060937 0.085938
2 0.555469 0.491211 0.023438 0.068359
2 0.538281 0.482422 0.017188 0.054688
2 0.539062 0.469727 0.043750 0.068359
2 0.512500 0.480469 0.021875 0.035156
2 0.492188 0.474609 0.021875 0.027344
2 0.452344 0.473633 0.020313 0.025391
0 0.313281 0.465820 0.023438 0.044922
2 0.339062 0.478516 0.028125 0.035156