0 0.216406 0.513672 0.042188 0.121094
0 0.381250 0.499023 0.043750 0.134766
0 0.428125 0.489258 0.037500 0.107422
1 0.432812 0.531250 0.050000 0.054688
2 0.493750 0.498047 0.106250 0.074219
2 0.584375 0.492188 0.106250 0.066406
2 0.713281 0.482422 0.120313 0.082031
2 0.794531 0.477539 0.045312 0.044922
2 0.903906 0.475586 0.054688 0.052734
0 0.935156 0.502930 0.051562 0.126953
0 0.820312 0.468750 0.021875 0.050781
0 0.621875 0.461914 0.025000 0.037109
0 0.509375 0.458984 0.025000 0.035156
0 0.607812 0.453125 0.018750 0.023438
0 0.582812 0.453125 0.018750 0.019531
0 0.550000 0.458008 0.015625 0.037109
0 0.847656 0.473633 0.020313 0.068359
0 0.865625 0.472656 0.018750 0.050781
0 0.955469 0.467773 0.020313 0.056641