2 0.028125 0.591797 0.053125 0.289062
2 0.120313 0.563477 0.156250 0.193359
2 0.229687 0.533203 0.093750 0.113281
2 0.381250 0.461914 0.071875 0.068359
2 0.417187 0.455078 0.040625 0.046875
2 0.458594 0.444336 0.048438 0.044922
2 0.617969 0.479492 0.067187 0.060547
2 0.809375 0.443359 0.093750 0.058594
2 0.800000 0.459961 0.040625 0.056641
2 0.825781 0.465820 0.054688 0.072266
2 0.924219 0.457031 0.148438 0.117188
2 0.489844 0.440430 0.023438 0.033203
2 0.507031 0.434570 0.023438 0.033203
2 0.528906 0.429688 0.029687 0.027344
2 0.618750 0.432617 0.046875 0.029297