2 0.344531 0.480469 0.042188 0.039062
2 0.388281 0.494141 0.079687 0.074219
2 0.467969 0.468750 0.042188 0.042969
0 0.942969 0.552734 0.057813 0.253906
0 0.964844 0.655273 0.067187 0.373047
0 0.155469 0.479492 0.026562 0.076172
0 0.128906 0.480469 0.023438 0.082031
0 0.739844 0.479492 0.020313 0.060547
0 0.567187 0.468750 0.018750 0.046875
0 0.535937 0.463867 0.015625 0.029297
0 0.238281 0.466797 0.020313 0.058594
0 0.689063 0.472656 0.018750 0.050781
0 0.700000 0.475586 0.015625 0.060547
0 0.718750 0.475586 0.018750 0.056641