2 0.037500 0.572266 0.071875 0.203125
2 0.135156 0.542969 0.195312 0.175781
2 0.254688 0.513672 0.109375 0.117188
2 0.397656 0.488281 0.057813 0.066406
2 0.419531 0.475586 0.060937 0.064453
2 0.453906 0.469727 0.042188 0.052734
2 0.585938 0.461914 0.031250 0.033203
2 0.844531 0.486328 0.076563 0.078125
2 0.793750 0.555664 0.187500 0.166016
2 0.969531 0.813477 0.057813 0.271484
0 0.676562 0.474609 0.018750 0.062500
0 0.545312 0.458984 0.012500 0.035156
2 0.330469 0.490234 0.117188 0.117188
2 0.489063 0.466797 0.031250 0.042969
2 0.507031 0.462891 0.023438 0.035156
2 0.726562 0.471680 0.046875 0.056641
2 0.756250 0.479492 0.059375 0.052734
2 0.809375 0.461914 0.071875 0.029297
0 0.604688 0.460938 0.015625 0.031250