0 0.616406 0.454102 0.042188 0.091797
0 0.557031 0.468750 0.026562 0.109375
0 0.521875 0.469727 0.018750 0.083984
0 0.500000 0.471680 0.018750 0.087891
2 0.451562 0.464844 0.034375 0.035156
2 0.422656 0.465820 0.026562 0.037109
2 0.377344 0.471680 0.064062 0.068359
2 0.339844 0.458984 0.026562 0.027344
2 0.314063 0.465820 0.037500 0.037109
2 0.253906 0.466797 0.082812 0.082031
2 0.141406 0.459961 0.023438 0.025391
2 0.114062 0.458984 0.021875 0.031250
2 0.102344 0.465820 0.020313 0.037109
2 0.028906 0.480469 0.057813 0.082031