2 0.859375 0.765625 0.275000 0.453125
2 0.901563 0.489258 0.128125 0.091797
2 0.630469 0.512695 0.120313 0.119141
2 0.455469 0.464844 0.048438 0.039062
2 0.246875 0.526367 0.081250 0.068359
2 0.274219 0.500000 0.092188 0.070312
2 0.093750 0.570312 0.184375 0.148438
0 0.201563 0.530273 0.050000 0.123047
2 0.317969 0.498047 0.032813 0.046875
2 0.341406 0.490234 0.035937 0.046875
1 0.207813 0.563477 0.028125 0.064453
2 0.384375 0.455078 0.037500 0.031250
2 0.742188 0.476562 0.021875 0.074219
2 0.610156 0.487305 0.095312 0.095703