0 0.628125 0.477539 0.037500 0.154297
1 0.666406 0.516602 0.035937 0.056641
1 0.582812 0.520508 0.050000 0.056641
2 0.594531 0.452148 0.032813 0.060547
2 0.565625 0.452148 0.034375 0.072266
2 0.548438 0.458008 0.018750 0.052734
2 0.531250 0.453125 0.025000 0.042969
2 0.514844 0.446289 0.014063 0.025391
2 0.503125 0.444336 0.012500 0.025391
2 0.495312 0.447266 0.012500 0.019531
2 0.457031 0.464844 0.070312 0.066406
2 0.343750 0.458984 0.050000 0.078125
2 0.274219 0.469727 0.095312 0.091797
2 0.421094 0.434570 0.035937 0.052734