2 0.155469 0.521484 0.170313 0.128906
2 0.257031 0.506836 0.082812 0.091797
2 0.339844 0.479492 0.079687 0.072266
2 0.385937 0.484375 0.040625 0.054688
2 0.600781 0.480469 0.057813 0.046875
2 0.714063 0.470703 0.062500 0.070312
2 0.427344 0.463867 0.035937 0.041016
0 0.558594 0.461914 0.017188 0.044922
2 0.954688 0.482422 0.084375 0.085938
0 0.544531 0.461914 0.010937 0.041016
2 0.531250 0.457031 0.018750 0.023438
2 0.414062 0.478516 0.025000 0.046875
2 0.428125 0.471680 0.025000 0.044922
2 0.458594 0.463867 0.029687 0.037109
2 0.478125 0.459961 0.021875 0.033203
2 0.304688 0.489258 0.071875 0.083984