2 0.379688 0.447266 0.031250 0.039062
2 0.348438 0.449219 0.040625 0.046875
2 0.303906 0.462891 0.076563 0.074219
1 0.936719 0.612305 0.035937 0.111328
1 0.981250 0.623047 0.031250 0.144531
0 0.956250 0.502930 0.084375 0.263672
0 0.898438 0.516602 0.053125 0.158203
1 0.888281 0.584961 0.032813 0.072266
0 0.797656 0.497070 0.054688 0.123047
1 0.795312 0.556641 0.050000 0.070312
1 0.707812 0.529297 0.025000 0.066406
0 0.709375 0.493164 0.043750 0.119141
0 0.681250 0.485352 0.031250 0.083984
0 0.621875 0.464844 0.025000 0.066406
0 0.601562 0.457031 0.028125 0.062500
1 0.622656 0.492188 0.020313 0.042969
1 0.595313 0.485352 0.028125 0.033203
0 0.560937 0.459961 0.031250 0.052734
0 0.530469 0.456055 0.023438 0.044922
1 0.236719 0.476562 0.032813 0.046875
1 0.560937 0.480469 0.018750 0.035156