2 0.156250 0.560547 0.165625 0.136719
2 0.257031 0.519531 0.117188 0.128906
2 0.334375 0.500000 0.059375 0.070312
2 0.356250 0.481445 0.053125 0.056641
0 0.392188 0.478516 0.025000 0.082031
0 0.710156 0.471680 0.032813 0.076172
2 0.917969 0.802734 0.157812 0.378906
2 0.846875 0.666992 0.275000 0.283203
2 0.665625 0.537109 0.128125 0.113281
2 0.601562 0.488281 0.065625 0.082031
2 0.567969 0.469727 0.042188 0.052734
2 0.423438 0.460938 0.043750 0.031250
2 0.490625 0.441406 0.031250 0.027344
0 0.513281 0.447266 0.014063 0.039062
2 0.550000 0.454102 0.040625 0.044922
2 0.017188 0.658203 0.034375 0.148438