2 0.152344 0.481445 0.170313 0.087891
1 0.108594 0.507812 0.054688 0.062500
2 0.337500 0.479492 0.087500 0.064453
2 0.570312 0.459961 0.040625 0.041016
2 0.618750 0.500977 0.034375 0.076172
2 0.679688 0.504883 0.106250 0.138672
2 0.923438 0.505859 0.150000 0.078125
2 0.852344 0.597656 0.270313 0.222656
2 0.925781 0.714844 0.145313 0.343750
0 0.479687 0.456055 0.015625 0.037109
0 0.547656 0.459961 0.010937 0.041016
0 0.536719 0.458984 0.014063 0.035156
2 0.453125 0.460938 0.021875 0.031250
2 0.432031 0.461914 0.032813 0.037109
2 0.399219 0.455078 0.023438 0.031250
2 0.381250 0.478516 0.034375 0.058594