2 0.038281 0.636719 0.076563 0.175781
2 0.127344 0.556641 0.204687 0.187500
2 0.234375 0.524414 0.056250 0.130859
2 0.306250 0.507812 0.056250 0.093750
2 0.588281 0.480469 0.060937 0.054688
2 0.709375 0.554688 0.140625 0.160156
2 0.778125 0.615234 0.209375 0.199219
2 0.894531 0.766602 0.204687 0.458984
2 0.469531 0.449219 0.026562 0.035156
2 0.403125 0.471680 0.040625 0.056641
0 0.271094 0.529297 0.032813 0.117188
0 0.453906 0.567383 0.067187 0.201172
0 0.616406 0.613281 0.079687 0.242188
0 0.368750 0.474609 0.031250 0.066406
1 0.453906 0.628906 0.032813 0.128906
1 0.367188 0.521484 0.028125 0.062500
2 0.763281 0.459961 0.079687 0.037109
2 0.747656 0.450195 0.082812 0.044922
2 0.648438 0.455078 0.093750 0.035156
2 0.571094 0.466797 0.057813 0.058594