2 0.944531 0.519531 0.107813 0.167969
2 0.878125 0.480469 0.240625 0.179688
2 0.806250 0.473633 0.137500 0.138672
2 0.721094 0.484375 0.026562 0.046875
2 0.592969 0.491211 0.229687 0.302734
2 0.424219 0.470703 0.110937 0.156250
2 0.375781 0.492188 0.032813 0.117188
2 0.310937 0.472656 0.103125 0.171875
0 0.228125 0.507812 0.134375 0.398438
2 0.119531 0.475586 0.114062 0.228516
2 0.055469 0.396484 0.107813 0.093750
2 0.055469 0.557617 0.107813 0.228516
1 0.196875 0.653320 0.087500 0.240234
2 0.287500 0.496094 0.093750 0.164062