2 0.940625 0.493164 0.115625 0.162109
2 0.782031 0.484375 0.173437 0.175781
1 0.707812 0.579102 0.062500 0.099609
0 0.640625 0.507812 0.065625 0.253906
1 0.583594 0.575195 0.057813 0.099609
2 0.561719 0.464844 0.089063 0.121094
2 0.448437 0.500977 0.137500 0.134766
0 0.360938 0.499023 0.037500 0.177734
0 0.323437 0.500000 0.043750 0.183594
2 0.266406 0.490234 0.076563 0.136719
2 0.168750 0.494141 0.146875 0.132812
0 0.085156 0.483398 0.020313 0.138672
0 0.064062 0.496094 0.031250 0.164062
2 0.027344 0.502930 0.054688 0.111328