2 0.039062 0.614258 0.078125 0.162109
2 0.196875 0.469727 0.109375 0.056641
2 0.277344 0.498047 0.085938 0.085938
2 0.341406 0.469727 0.057813 0.052734
2 0.667188 0.465820 0.075000 0.060547
2 0.492969 0.435547 0.032813 0.035156
2 0.789062 0.484375 0.037500 0.070312
2 0.882031 0.491211 0.173437 0.111328
2 0.931250 0.523438 0.131250 0.136719
2 0.621094 0.451172 0.029687 0.039062
2 0.410938 0.432617 0.021875 0.033203
2 0.396094 0.442383 0.026562 0.033203
2 0.589844 0.446289 0.020313 0.033203
1 0.518750 0.476562 0.012500 0.027344
0 0.517188 0.455078 0.015625 0.050781
0 0.437500 0.433594 0.015625 0.039062