0 0.023438 0.506836 0.031250 0.162109
0 0.007031 0.499023 0.014063 0.169922
2 0.152344 0.523438 0.217188 0.140625
2 0.255469 0.494141 0.107813 0.121094
2 0.320312 0.496094 0.040625 0.085938
2 0.340625 0.475586 0.062500 0.091797
2 0.391406 0.474609 0.045312 0.058594
2 0.630469 0.488281 0.067187 0.066406
2 0.746875 0.493164 0.062500 0.072266
2 0.813281 0.505859 0.098437 0.097656
2 0.864062 0.505859 0.112500 0.113281
2 0.416406 0.469727 0.026562 0.044922
2 0.431250 0.467773 0.021875 0.037109
2 0.446875 0.468750 0.018750 0.031250
2 0.458594 0.458984 0.029687 0.039062
2 0.551562 0.458984 0.021875 0.023438
2 0.568750 0.470703 0.021875 0.035156
2 0.588281 0.471680 0.035937 0.052734
2 0.670312 0.478516 0.028125 0.046875