0 0.619531 0.460938 0.026562 0.109375
0 0.650000 0.460938 0.025000 0.101562
0 0.696094 0.460938 0.032813 0.101562
0 0.808594 0.525391 0.079687 0.222656
0 0.882812 0.496094 0.068750 0.261719
2 0.956250 0.490234 0.084375 0.117188
2 0.951562 0.412109 0.093750 0.074219
2 0.300000 0.507812 0.109375 0.109375
2 0.100781 0.652344 0.201563 0.250000
0 0.163281 0.483398 0.026562 0.060547
0 0.553125 0.458984 0.018750 0.050781
0 0.603906 0.457031 0.020313 0.058594
0 0.663281 0.462891 0.023438 0.093750
2 0.728125 0.459961 0.037500 0.056641
2 0.421094 0.460938 0.048438 0.027344
0 0.376563 0.462891 0.012500 0.031250
0 0.125781 0.487305 0.020313 0.033203
0 0.110156 0.498047 0.026562 0.054688