2 0.323437 0.509766 0.178125 0.136719
2 0.028125 0.690430 0.056250 0.197266
2 0.805469 0.464844 0.048438 0.070312
0 0.900000 0.497070 0.037500 0.181641
0 0.944531 0.500000 0.082812 0.292969
0 0.845313 0.530273 0.075000 0.251953
0 0.705469 0.462891 0.032813 0.109375
0 0.628125 0.461914 0.031250 0.107422
0 0.552344 0.456055 0.023438 0.044922
0 0.142187 0.477539 0.015625 0.041016
0 0.126562 0.474609 0.018750 0.062500
0 0.113281 0.488281 0.020313 0.062500
2 0.457813 0.467773 0.043750 0.044922
0 0.656250 0.429688 0.025000 0.042969
0 0.668750 0.464844 0.028125 0.101562