1 0.455469 0.551758 0.023438 0.068359
0 0.557031 0.505859 0.048438 0.148438
0 0.455469 0.500977 0.032813 0.134766
0 0.403125 0.465820 0.021875 0.052734
2 0.091406 0.579102 0.179688 0.220703
2 0.215625 0.542969 0.103125 0.125000
2 0.263281 0.519531 0.082812 0.097656
2 0.300781 0.496094 0.054688 0.070312
2 0.334375 0.476562 0.059375 0.078125
2 0.873437 0.741211 0.246875 0.369141
2 0.803906 0.551758 0.245312 0.267578
2 0.677344 0.517578 0.120313 0.156250
2 0.207813 0.458008 0.059375 0.041016
2 0.616406 0.495117 0.073438 0.107422
2 0.382031 0.462891 0.026562 0.046875
2 0.412500 0.456055 0.025000 0.037109
2 0.467969 0.441406 0.032813 0.031250
2 0.690625 0.440430 0.037500 0.033203