0 0.025000 0.347656 0.043750 0.093750
0 0.076563 0.379883 0.056250 0.193359
2 0.126562 0.394531 0.096875 0.101562
2 0.184375 0.384766 0.056250 0.074219
2 0.244531 0.382812 0.060937 0.062500
2 0.323437 0.379883 0.050000 0.052734
2 0.562500 0.421875 0.118750 0.121094
2 0.507031 0.401367 0.054688 0.072266
2 0.438281 0.388672 0.023438 0.023438
2 0.902344 0.477539 0.185938 0.169922
2 0.038281 0.459961 0.070312 0.224609
0 0.462500 0.388672 0.012500 0.035156
0 0.419531 0.383789 0.014063 0.037109
0 0.407813 0.381836 0.018750 0.037109
2 0.285156 0.383789 0.035937 0.056641
2 0.359375 0.383789 0.031250 0.037109
2 0.381250 0.386719 0.021875 0.031250
2 0.486719 0.384766 0.032813 0.062500