0 0.023438 0.513672 0.037500 0.132812
0 0.231250 0.463867 0.028125 0.064453
0 0.260156 0.474609 0.026562 0.070312
0 0.630469 0.495117 0.035937 0.091797
0 0.985156 0.549805 0.026562 0.166016
1 0.632812 0.541992 0.025000 0.052734
1 0.256250 0.505859 0.025000 0.050781
2 0.753906 0.462891 0.067187 0.054688
2 0.659375 0.480469 0.043750 0.062500
2 0.567969 0.455078 0.051562 0.039062
2 0.440625 0.443359 0.040625 0.023438
2 0.468750 0.445312 0.037500 0.031250
0 0.130469 0.483398 0.026562 0.091797
0 0.532031 0.440430 0.020313 0.037109