2 0.335156 0.480469 0.073438 0.078125
2 0.664062 0.465820 0.109375 0.083984
0 0.417187 0.470703 0.028125 0.093750
0 0.445312 0.471680 0.031250 0.099609
0 0.520312 0.584961 0.137500 0.291016
0 0.795312 0.569336 0.125000 0.365234
0 0.875781 0.509766 0.073438 0.261719
0 0.760156 0.470703 0.060937 0.156250
0 0.953125 0.547852 0.090625 0.369141
0 0.521094 0.448242 0.029687 0.060547
0 0.385937 0.451172 0.015625 0.039062
0 0.126562 0.453125 0.012500 0.035156
0 0.134375 0.451172 0.012500 0.027344
0 0.191406 0.460938 0.020313 0.035156