1 0.860156 0.543945 0.060937 0.099609
1 0.964844 0.576172 0.060937 0.117188
0 0.692187 0.470703 0.028125 0.078125
0 0.664844 0.469727 0.026562 0.091797
0 0.533594 0.467773 0.029687 0.072266
0 0.383594 0.474609 0.029687 0.070312
0 0.324219 0.477539 0.023438 0.072266
0 0.307812 0.465820 0.025000 0.064453
0 0.259375 0.477539 0.034375 0.064453
0 0.201563 0.468750 0.028125 0.058594
2 0.563281 0.453125 0.042188 0.039062
2 0.459375 0.438477 0.025000 0.029297
1 0.764844 0.573242 0.151562 0.115234
0 0.154688 0.460938 0.021875 0.035156
0 0.176563 0.455078 0.018750 0.031250
0 0.417969 0.445312 0.020313 0.035156
1 0.253906 0.507812 0.048438 0.031250