2 0.078906 0.601562 0.157812 0.203125
2 0.153125 0.535156 0.143750 0.144531
2 0.238281 0.514648 0.060937 0.091797
2 0.267969 0.461914 0.085938 0.064453
2 0.335938 0.469727 0.059375 0.060547
2 0.374219 0.456055 0.035937 0.037109
2 0.490625 0.430664 0.031250 0.029297
2 0.729688 0.462891 0.078125 0.066406
2 0.791406 0.486328 0.142187 0.085938
2 0.906250 0.524414 0.181250 0.119141
2 0.035156 0.477539 0.070312 0.060547
2 0.892969 0.444336 0.060937 0.041016
2 0.595313 0.443359 0.025000 0.035156
0 0.523438 0.449219 0.021875 0.054688