0 0.847656 0.574219 0.076563 0.273438
0 0.742188 0.524414 0.046875 0.193359
0 0.346094 0.445312 0.026562 0.066406
0 0.325000 0.448242 0.021875 0.064453
2 0.951562 0.516602 0.093750 0.134766
2 0.928906 0.490234 0.117188 0.113281
2 0.674219 0.472656 0.045312 0.050781
0 0.625000 0.453125 0.018750 0.046875
2 0.385156 0.458984 0.057813 0.066406
2 0.425000 0.455078 0.040625 0.050781
2 0.274219 0.485352 0.092188 0.123047
2 0.193750 0.503906 0.121875 0.171875
2 0.083594 0.529297 0.167187 0.238281
2 0.441406 0.441406 0.029687 0.046875
2 0.477344 0.435547 0.020313 0.027344
2 0.575000 0.451172 0.034375 0.039062
2 0.643750 0.457031 0.028125 0.042969
2 0.796094 0.486328 0.079687 0.085938