2 0.097656 0.644531 0.195312 0.238281
0 0.153125 0.504883 0.037500 0.103516
2 0.326562 0.495117 0.106250 0.103516
2 0.630469 0.497070 0.057813 0.052734
2 0.671875 0.520508 0.062500 0.095703
2 0.754687 0.542969 0.165625 0.148438
2 0.817969 0.601562 0.173437 0.164062
2 0.911719 0.669922 0.167187 0.363281
2 0.596094 0.478516 0.032813 0.046875
2 0.579688 0.473633 0.025000 0.041016
2 0.567187 0.466797 0.025000 0.035156
2 0.557031 0.458984 0.023438 0.027344
2 0.071875 0.488281 0.078125 0.070312
2 0.186719 0.491211 0.048438 0.087891