2 0.247656 0.474609 0.129688 0.117188
2 0.331250 0.470703 0.043750 0.050781
2 0.353125 0.460938 0.040625 0.046875
2 0.632031 0.476562 0.035937 0.074219
2 0.820312 0.512695 0.100000 0.158203
2 0.959375 0.549805 0.078125 0.166016
2 0.931250 0.506836 0.043750 0.060547
0 0.877344 0.505859 0.079687 0.242188
1 0.910937 0.611328 0.053125 0.105469
1 0.846875 0.601562 0.037500 0.089844
1 0.750781 0.564453 0.035937 0.085938
0 0.751563 0.507812 0.053125 0.156250
0 0.689844 0.484375 0.051562 0.132812
1 0.689844 0.537109 0.023438 0.058594
0 0.652344 0.494141 0.023438 0.089844
0 0.604688 0.481445 0.031250 0.091797
0 0.562500 0.472656 0.025000 0.089844