0 0.654687 0.478516 0.031250 0.097656
0 0.698438 0.470703 0.040625 0.125000
0 0.606250 0.458984 0.028125 0.066406
0 0.581250 0.454102 0.025000 0.056641
0 0.169531 0.489258 0.026562 0.060547
0 0.151562 0.492188 0.021875 0.070312
2 0.809375 0.450195 0.062500 0.099609
2 0.924219 0.450195 0.145313 0.134766
2 0.948438 0.487305 0.087500 0.103516
2 0.504687 0.583984 0.515625 0.246094
0 0.551562 0.450195 0.018750 0.033203
2 0.727344 0.456055 0.035937 0.052734
0 0.361719 0.461914 0.010937 0.025391
0 0.370312 0.462891 0.009375 0.027344
0 0.376563 0.461914 0.009375 0.029297
0 0.128125 0.489258 0.021875 0.033203
0 0.110937 0.496094 0.021875 0.054688