0 0.971875 0.481445 0.034375 0.189453
0 0.946094 0.455078 0.023438 0.105469
0 0.925781 0.455078 0.026562 0.101562
0 0.903125 0.475586 0.037500 0.146484
0 0.866406 0.475586 0.026562 0.107422
0 0.842969 0.468750 0.026562 0.121094
0 0.816406 0.474609 0.023438 0.078125
2 0.765625 0.437500 0.021875 0.054688
0 0.798438 0.453125 0.018750 0.050781
0 0.782031 0.482422 0.020313 0.089844
0 0.746875 0.459961 0.025000 0.083984
0 0.730469 0.447266 0.023438 0.078125
0 0.717187 0.469727 0.025000 0.076172
0 0.704688 0.458984 0.025000 0.058594
0 0.678125 0.466797 0.021875 0.066406
2 0.289844 0.482422 0.085938 0.082031