2 0.907031 0.722656 0.179688 0.398438
2 0.785156 0.581055 0.210938 0.216797
2 0.686719 0.533203 0.079687 0.109375
2 0.671094 0.511719 0.085938 0.117188
2 0.507031 0.440430 0.026562 0.029297
2 0.203125 0.477539 0.137500 0.076172
2 0.095312 0.503906 0.187500 0.085938
0 0.426563 0.463867 0.025000 0.052734
2 0.357031 0.458984 0.045312 0.039062
2 0.025000 0.472656 0.050000 0.046875
2 0.614844 0.480469 0.060937 0.074219
2 0.582031 0.470703 0.029687 0.054688
2 0.567969 0.462891 0.026562 0.042969
2 0.319531 0.447266 0.023438 0.058594