2 0.809375 0.686523 0.184375 0.224609
2 0.905469 0.740234 0.179688 0.417969
2 0.023438 0.705078 0.046875 0.183594
2 0.107031 0.651367 0.201563 0.189453
2 0.118750 0.533203 0.137500 0.058594
2 0.202344 0.594727 0.126562 0.119141
2 0.270313 0.573242 0.081250 0.095703
2 0.331250 0.554688 0.065625 0.066406
2 0.360938 0.533203 0.056250 0.066406
0 0.829688 0.549805 0.043750 0.052734
2 0.578125 0.525391 0.028125 0.042969
2 0.564063 0.521484 0.025000 0.039062
2 0.392188 0.526367 0.031250 0.044922
2 0.408594 0.527344 0.026562 0.039062
2 0.418750 0.518555 0.021875 0.025391
0 0.898438 0.532227 0.018750 0.056641
2 0.436719 0.512695 0.017188 0.025391
2 0.453125 0.505859 0.012500 0.015625
2 0.497656 0.499023 0.014063 0.017578
2 0.540625 0.514648 0.015625 0.025391
2 0.614844 0.519531 0.020313 0.042969