0 0.167969 0.459961 0.029687 0.107422
0 0.195312 0.470703 0.031250 0.089844
0 0.357812 0.458984 0.018750 0.054688
0 0.335938 0.456055 0.021875 0.052734
2 0.638281 0.481445 0.076563 0.068359
2 0.871094 0.619141 0.251563 0.347656
0 0.714063 0.474609 0.018750 0.050781
0 0.704688 0.473633 0.018750 0.056641
0 0.576562 0.460938 0.012500 0.031250
0 0.562500 0.460938 0.012500 0.035156
0 0.553125 0.460938 0.015625 0.039062
0 0.376563 0.460938 0.021875 0.054688
0 0.389062 0.459961 0.015625 0.044922
0 0.434375 0.453125 0.012500 0.035156
0 0.506250 0.458984 0.018750 0.035156
0 0.292969 0.433594 0.020313 0.031250