2 0.082031 0.560547 0.164062 0.281250
1 0.581250 0.606445 0.046875 0.193359
1 0.444531 0.602539 0.039062 0.169922
1 0.350781 0.520508 0.017188 0.072266
1 0.808594 0.570312 0.064062 0.191406
1 0.963281 0.671875 0.070312 0.187500
0 0.936719 0.464844 0.032813 0.054688
0 0.909375 0.465820 0.031250 0.052734
0 0.842187 0.455078 0.031250 0.046875
0 0.735938 0.459961 0.021875 0.041016
0 0.984375 0.460938 0.028125 0.054688
1 0.732031 0.528320 0.092188 0.107422
1 0.674219 0.515625 0.023438 0.097656
1 0.653906 0.524414 0.029687 0.091797
1 0.913281 0.557617 0.082812 0.083984
0 0.775000 0.456055 0.021875 0.037109
0 0.628125 0.483398 0.018750 0.056641
0 0.576562 0.427734 0.081250 0.179688
0 0.442969 0.445312 0.067187 0.152344
0 0.349219 0.450195 0.032813 0.072266
0 0.488281 0.461914 0.014063 0.041016