0 0.978125 0.502930 0.040625 0.150391
0 0.842187 0.481445 0.025000 0.091797
2 0.736719 0.485352 0.048438 0.041016
2 0.731250 0.448242 0.050000 0.033203
0 0.685156 0.471680 0.010937 0.048828
0 0.673438 0.476562 0.018750 0.058594
0 0.654687 0.464844 0.018750 0.046875
0 0.636719 0.464844 0.020313 0.042969
0 0.618750 0.468750 0.018750 0.050781
2 0.562500 0.475586 0.046875 0.044922
2 0.525781 0.467773 0.026562 0.029297
2 0.487500 0.465820 0.043750 0.025391
2 0.441406 0.463867 0.032813 0.033203
2 0.384375 0.465820 0.037500 0.044922
2 0.344531 0.467773 0.023438 0.029297
2 0.303906 0.466797 0.051562 0.054688
0 0.036719 0.474609 0.020313 0.054688
0 0.078125 0.490234 0.021875 0.050781
2 0.111719 0.475586 0.085938 0.064453