1 0.526563 0.485352 0.018750 0.072266
1 0.482031 0.487305 0.017188 0.068359
0 0.150000 0.447266 0.025000 0.082031
1 0.640625 0.484375 0.028125 0.050781
2 0.985156 0.422852 0.026562 0.048828
1 0.421875 0.454102 0.009375 0.025391
0 0.364063 0.442383 0.015625 0.037109
1 0.264062 0.462891 0.021875 0.035156
1 0.883594 0.497070 0.045312 0.107422
1 0.846094 0.502930 0.042188 0.087891
1 0.812500 0.476562 0.028125 0.089844
0 0.731250 0.441406 0.025000 0.093750
0 0.698438 0.430664 0.028125 0.037109
0 0.639062 0.424805 0.040625 0.064453
0 0.525781 0.448242 0.032813 0.115234
0 0.480469 0.458008 0.032813 0.103516
2 0.441406 0.443359 0.023438 0.023438
0 0.422656 0.431641 0.007812 0.027344
2 0.406250 0.448242 0.025000 0.029297
0 0.317188 0.453125 0.025000 0.054688
1 0.133594 0.489258 0.035937 0.064453
1 0.111719 0.482422 0.026562 0.058594
1 0.060937 0.491211 0.028125 0.076172