2 0.877344 0.599609 0.235937 0.218750
2 0.962500 0.688477 0.071875 0.166016
0 0.782031 0.609375 0.067187 0.187500
0 0.603906 0.495117 0.026562 0.107422
0 0.541406 0.491211 0.032813 0.103516
2 0.715625 0.510742 0.075000 0.064453
2 0.684375 0.502930 0.056250 0.060547
2 0.419531 0.497070 0.035937 0.087891
2 0.446875 0.488281 0.028125 0.066406
2 0.360156 0.516602 0.120313 0.138672
2 0.284375 0.566406 0.134375 0.156250
2 0.134375 0.635742 0.259375 0.248047
1 0.538281 0.521484 0.020313 0.058594
2 0.471094 0.479492 0.023438 0.068359
2 0.500781 0.458008 0.032813 0.033203
2 0.753125 0.529297 0.078125 0.078125