2 0.861719 0.572266 0.273438 0.359375
2 0.452344 0.464844 0.070312 0.066406
2 0.477344 0.454102 0.054688 0.068359
2 0.511719 0.446289 0.029687 0.052734
2 0.369531 0.457031 0.067187 0.066406
1 0.710156 0.486328 0.085938 0.058594
0 0.278906 0.479492 0.042188 0.185547
0 0.242969 0.454102 0.023438 0.080078
0 0.752344 0.428711 0.017188 0.037109
0 0.743750 0.428711 0.012500 0.029297
1 0.621875 0.478516 0.018750 0.039062
1 0.583594 0.472656 0.014063 0.039062
0 0.720313 0.432617 0.037500 0.060547
0 0.698438 0.440430 0.018750 0.029297
0 0.623437 0.436523 0.021875 0.044922
0 0.582812 0.432617 0.021875 0.044922
2 0.411719 0.458984 0.020313 0.042969
0 0.214062 0.427734 0.018750 0.035156