0 0.535937 0.464844 0.018750 0.050781
0 0.526563 0.466797 0.018750 0.054688
0 0.434375 0.462891 0.018750 0.042969
2 0.847656 0.603516 0.298438 0.312500
2 0.950000 0.788086 0.093750 0.291016
2 0.392969 0.471680 0.048438 0.044922
2 0.283594 0.468750 0.051562 0.042969
2 0.032813 0.561523 0.065625 0.166016
2 0.580469 0.470703 0.057813 0.062500
2 0.345313 0.482422 0.065625 0.058594
2 0.197656 0.464844 0.051562 0.062500
2 0.139063 0.466797 0.090625 0.082031
2 0.078125 0.478516 0.143750 0.078125
2 0.452344 0.454102 0.023438 0.033203