0 0.979688 0.486328 0.037500 0.238281
0 0.885938 0.463867 0.034375 0.099609
2 0.694531 0.456055 0.048438 0.087891
2 0.773438 0.435547 0.100000 0.046875
0 0.653125 0.474609 0.025000 0.105469
0 0.617188 0.485352 0.028125 0.123047
0 0.531250 0.463867 0.021875 0.083984
2 0.499219 0.463867 0.023438 0.041016
0 0.478125 0.461914 0.015625 0.048828
2 0.452344 0.453125 0.026562 0.027344
2 0.395313 0.456055 0.028125 0.037109
0 0.346875 0.469727 0.018750 0.052734
0 0.320312 0.458008 0.021875 0.060547
2 0.264062 0.446289 0.043750 0.037109
2 0.137500 0.514648 0.275000 0.193359
1 0.982031 0.696289 0.032813 0.166016