0 0.692187 0.516602 0.043750 0.162109
0 0.745313 0.500977 0.046875 0.107422
0 0.860156 0.469727 0.026562 0.041016
2 0.971875 0.775391 0.053125 0.253906
2 0.907031 0.629883 0.182812 0.271484
2 0.815625 0.557617 0.178125 0.158203
2 0.658594 0.489258 0.042188 0.068359
2 0.493750 0.463867 0.040625 0.037109
2 0.390625 0.481445 0.065625 0.076172
2 0.432031 0.483398 0.029687 0.056641
2 0.321094 0.502930 0.129688 0.099609
2 0.154688 0.512695 0.196875 0.212891
2 0.615625 0.466797 0.037500 0.035156
2 0.554688 0.456055 0.021875 0.021484
0 0.534375 0.455078 0.012500 0.027344
2 0.960156 0.469727 0.076563 0.052734
2 0.443750 0.475586 0.025000 0.052734