2 0.965625 0.467773 0.065625 0.064453
2 0.925000 0.459961 0.025000 0.068359
2 0.875000 0.462891 0.065625 0.046875
2 0.802344 0.447266 0.076563 0.074219
0 0.751563 0.442383 0.021875 0.056641
0 0.708594 0.455078 0.023438 0.093750
0 0.685937 0.435547 0.018750 0.066406
0 0.667969 0.441406 0.020313 0.078125
0 0.652344 0.425781 0.020313 0.050781
0 0.625781 0.421875 0.020313 0.054688
0 0.608594 0.422852 0.020313 0.052734
0 0.590625 0.421875 0.021875 0.050781
0 0.572656 0.426758 0.020313 0.052734
0 0.556250 0.424805 0.018750 0.044922
0 0.546875 0.423828 0.018750 0.042969
0 0.534375 0.425781 0.018750 0.042969
0 0.514062 0.432617 0.018750 0.044922
2 0.444531 0.443359 0.029687 0.027344
0 0.282813 0.445312 0.012500 0.027344
0 0.274219 0.443359 0.014063 0.039062
0 0.259375 0.442383 0.012500 0.044922
0 0.248438 0.437500 0.018750 0.046875
0 0.235937 0.438477 0.018750 0.044922
2 0.153125 0.487305 0.128125 0.111328