2 0.075781 0.553711 0.148438 0.181641
2 0.228906 0.510742 0.142187 0.115234
2 0.297656 0.499023 0.045312 0.083984
2 0.350000 0.487305 0.040625 0.068359
2 0.444531 0.464844 0.029687 0.046875
2 0.631250 0.501953 0.056250 0.082031
2 0.840625 0.492188 0.078125 0.085938
2 0.927344 0.520508 0.142187 0.130859
0 0.760156 0.483398 0.032813 0.072266
2 0.701562 0.539062 0.165625 0.144531
2 0.549219 0.463867 0.032813 0.033203
2 0.377344 0.474609 0.057813 0.070312
2 0.415625 0.472656 0.031250 0.046875
2 0.423438 0.466797 0.031250 0.046875
2 0.467187 0.462891 0.025000 0.035156
2 0.483594 0.460938 0.020313 0.027344
2 0.328125 0.492188 0.031250 0.074219
0 0.618750 0.459961 0.018750 0.033203