2 0.137500 0.526367 0.181250 0.134766
2 0.243750 0.499023 0.090625 0.083984
2 0.316406 0.488281 0.076563 0.062500
2 0.582812 0.476562 0.065625 0.058594
2 0.746094 0.486328 0.045312 0.050781
0 0.697656 0.492188 0.035937 0.105469
0 0.514844 0.463867 0.017188 0.052734
2 0.386719 0.474609 0.042188 0.050781
2 0.351562 0.476562 0.053125 0.062500
2 0.416406 0.463867 0.042188 0.041016
2 0.449219 0.458008 0.020313 0.033203
0 0.485938 0.455078 0.012500 0.031250
2 0.531250 0.460938 0.018750 0.035156
2 0.012500 0.554688 0.025000 0.093750