2 0.941406 0.402344 0.104688 0.082031
2 0.869531 0.400391 0.026562 0.070312
2 0.853906 0.560547 0.285938 0.257812
2 0.593750 0.451172 0.100000 0.109375
2 0.486719 0.360352 0.023438 0.029297
2 0.475000 0.349609 0.018750 0.023438
2 0.436719 0.339844 0.014063 0.019531
2 0.422656 0.341797 0.020313 0.023438
2 0.404687 0.348633 0.025000 0.025391
2 0.391406 0.359375 0.026562 0.031250
0 0.415625 0.382812 0.012500 0.039062
2 0.469531 0.416016 0.060937 0.070312
2 0.318750 0.410156 0.071875 0.066406
2 0.249219 0.451172 0.098437 0.089844
2 0.092969 0.531250 0.185938 0.187500