2 0.087500 0.724609 0.175000 0.378906
2 0.114062 0.532227 0.112500 0.091797
2 0.495312 0.485352 0.078125 0.103516
2 0.630469 0.560547 0.198437 0.187500
2 0.874219 0.479492 0.129688 0.072266
2 0.791406 0.693359 0.407813 0.347656
2 0.367969 0.463867 0.029687 0.033203
2 0.211719 0.495117 0.060937 0.068359
2 0.722656 0.464844 0.095312 0.062500
2 0.267188 0.482422 0.034375 0.046875
2 0.294531 0.452148 0.035937 0.033203
0 0.180469 0.503906 0.042188 0.101562
1 0.185938 0.531250 0.025000 0.054688
2 0.508594 0.486328 0.092188 0.085938