1 0.899219 0.581055 0.092188 0.138672
1 0.983594 0.549805 0.029687 0.138672
1 0.586719 0.570312 0.067187 0.125000
1 0.500000 0.573242 0.075000 0.115234
1 0.441406 0.541016 0.076563 0.128906
1 0.376563 0.559570 0.046875 0.072266
1 0.235156 0.536133 0.026562 0.087891
1 0.125781 0.528320 0.023438 0.072266
0 0.940625 0.489258 0.100000 0.232422
0 0.529687 0.501953 0.096875 0.195312
0 0.409375 0.474609 0.081250 0.203125
0 0.232031 0.491211 0.051562 0.115234
0 0.125781 0.488281 0.035937 0.117188
2 0.566406 0.477539 0.042188 0.072266
2 0.304688 0.484375 0.078125 0.070312
2 0.343750 0.467773 0.040625 0.060547
2 0.177344 0.476562 0.076563 0.085938
2 0.042969 0.501953 0.085938 0.117188