2 0.184375 0.527344 0.153125 0.132812
2 0.301563 0.493164 0.087500 0.119141
2 0.371875 0.489258 0.075000 0.064453
2 0.404687 0.475586 0.053125 0.056641
2 0.480469 0.461914 0.042188 0.033203
2 0.669531 0.510742 0.057813 0.087891
2 0.740625 0.547852 0.165625 0.154297
2 0.935156 0.476562 0.126562 0.062500
2 0.869531 0.629883 0.254688 0.275391
2 0.973437 0.778320 0.046875 0.275391
0 0.616406 0.493164 0.042188 0.095703
2 0.585938 0.468750 0.028125 0.031250
0 0.514844 0.456055 0.010937 0.029297
0 0.725781 0.460938 0.020313 0.023438
0 0.710938 0.460938 0.018750 0.023438
2 0.835156 0.465820 0.067187 0.044922