0 0.867969 0.501953 0.048438 0.117188
0 0.896875 0.648438 0.203125 0.539062
0 0.715625 0.468750 0.025000 0.078125
0 0.684375 0.487305 0.034375 0.119141
0 0.653125 0.494141 0.037500 0.125000
0 0.621094 0.463867 0.023438 0.072266
2 0.577344 0.480469 0.067187 0.062500
2 0.546094 0.469727 0.032813 0.044922
2 0.372656 0.466797 0.098437 0.062500
0 0.984375 0.446289 0.028125 0.037109
0 0.442188 0.450195 0.018750 0.037109
0 0.454688 0.449219 0.018750 0.039062
2 0.518750 0.451172 0.025000 0.027344
2 0.471875 0.443359 0.028125 0.027344
0 0.061719 0.437500 0.020313 0.027344
0 0.079687 0.437500 0.021875 0.031250
0 0.099219 0.443359 0.020313 0.035156