1 0.610156 0.492188 0.017188 0.039062
0 0.610938 0.458008 0.012500 0.029297
2 0.669531 0.474609 0.026562 0.023438
2 0.636719 0.475586 0.029687 0.025391
2 0.461719 0.458008 0.026562 0.025391
2 0.446875 0.460938 0.025000 0.023438
2 0.424219 0.456055 0.020313 0.025391
2 0.397656 0.453125 0.029687 0.023438
2 0.356250 0.457031 0.031250 0.027344
2 0.310156 0.470703 0.073438 0.058594
2 0.221094 0.454102 0.067187 0.029297
2 0.168750 0.450195 0.028125 0.025391
2 0.133594 0.453125 0.057813 0.027344
2 0.040625 0.471680 0.078125 0.095703