2 0.586719 0.439453 0.104688 0.050781
1 0.540625 0.463867 0.025000 0.037109
2 0.496094 0.425781 0.048438 0.046875
2 0.463281 0.421875 0.023438 0.046875
2 0.446094 0.420898 0.023438 0.041016
2 0.438281 0.419922 0.023438 0.039062
1 0.504687 0.462891 0.025000 0.031250
2 0.405469 0.406250 0.032813 0.011719
0 0.410156 0.443359 0.020313 0.066406
0 0.390625 0.444336 0.025000 0.068359
0 0.340625 0.403320 0.012500 0.025391
0 0.324219 0.400391 0.010937 0.027344
0 0.315625 0.402344 0.009375 0.023438
2 0.107031 0.521484 0.214062 0.359375