0 0.693750 0.439453 0.046875 0.132812
0 0.657813 0.436523 0.037500 0.130859
0 0.334375 0.404297 0.031250 0.109375
2 0.879687 0.507812 0.234375 0.195312
2 0.365625 0.408203 0.031250 0.062500
2 0.077344 0.391602 0.076563 0.095703
2 0.170313 0.397461 0.078125 0.072266
2 0.034375 0.390625 0.059375 0.101562
2 0.237500 0.420898 0.146875 0.115234
2 0.382031 0.404297 0.026562 0.058594
2 0.400000 0.404297 0.034375 0.058594
2 0.430469 0.402344 0.026562 0.050781
2 0.450000 0.400391 0.018750 0.039062
2 0.460938 0.394531 0.028125 0.039062
2 0.635156 0.422852 0.045312 0.107422
2 0.610156 0.414062 0.029687 0.078125
2 0.595313 0.417969 0.025000 0.050781
2 0.592187 0.403320 0.034375 0.056641