2 0.037500 0.423828 0.071875 0.082031
2 0.159375 0.427734 0.150000 0.113281
0 0.127344 0.440430 0.045312 0.107422
0 0.093750 0.433594 0.034375 0.093750
1 0.125781 0.492188 0.054688 0.070312
1 0.085156 0.493164 0.042188 0.068359
0 0.187500 0.451172 0.046875 0.097656
1 0.192969 0.488281 0.026562 0.058594
1 0.257031 0.485352 0.060937 0.052734
0 0.258594 0.449219 0.032813 0.082031
0 0.307031 0.419922 0.026562 0.054688
0 0.330469 0.427734 0.020313 0.058594
0 0.384375 0.415039 0.037500 0.064453
0 0.544531 0.429688 0.032813 0.078125
0 0.510938 0.425781 0.025000 0.046875
2 0.706250 0.427734 0.046875 0.035156
2 0.905469 0.428711 0.070312 0.076172
0 0.473438 0.424805 0.028125 0.044922
1 0.473438 0.459961 0.037500 0.041016
1 0.370312 0.471680 0.034375 0.052734
1 0.427344 0.463867 0.045312 0.060547
0 0.431250 0.417969 0.031250 0.058594