2 0.108594 0.536133 0.173437 0.162109
2 0.323437 0.491211 0.090625 0.076172
2 0.369531 0.477539 0.045312 0.064453
2 0.413281 0.478516 0.048438 0.050781
2 0.443750 0.474609 0.031250 0.035156
2 0.623437 0.486328 0.050000 0.093750
2 0.700000 0.500977 0.143750 0.138672
2 0.793750 0.577148 0.196875 0.212891
2 0.880469 0.687500 0.223438 0.523438
0 0.507031 0.472656 0.017188 0.046875
0 0.482812 0.471680 0.012500 0.037109
0 0.475000 0.468750 0.012500 0.042969
0 0.539062 0.473633 0.015625 0.052734
0 0.560937 0.475586 0.012500 0.044922
2 0.529687 0.469727 0.015625 0.025391
2 0.598437 0.484375 0.031250 0.058594
2 0.582031 0.483398 0.026562 0.052734
2 0.041406 0.463867 0.073438 0.052734
2 0.107813 0.447266 0.078125 0.023438