2 0.967969 0.429688 0.054688 0.085938
2 0.755469 0.437500 0.085938 0.074219
2 0.212500 0.430664 0.146875 0.115234
2 0.100781 0.414062 0.076563 0.062500
0 0.058594 0.450195 0.051562 0.134766
0 0.168750 0.464844 0.043750 0.093750
0 0.307031 0.440430 0.032813 0.099609
0 0.278125 0.441406 0.028125 0.070312
0 0.389844 0.445312 0.048438 0.078125
1 0.060937 0.506836 0.087500 0.060547
1 0.145313 0.507812 0.034375 0.046875
1 0.189062 0.498047 0.037500 0.066406
1 0.274219 0.492188 0.023438 0.042969
1 0.308594 0.494141 0.042188 0.058594
1 0.388281 0.484375 0.048438 0.046875
0 0.610938 0.435547 0.034375 0.085938
1 0.605469 0.458008 0.032813 0.041016
0 0.575000 0.428711 0.040625 0.056641
1 0.572656 0.462891 0.035937 0.035156
0 0.535156 0.429688 0.035937 0.058594
1 0.539062 0.462891 0.028125 0.050781
0 0.478906 0.427734 0.029687 0.062500
0 0.448437 0.429688 0.031250 0.078125
1 0.482031 0.465820 0.032813 0.041016
1 0.447656 0.466797 0.045312 0.046875