2 0.937500 0.493164 0.121875 0.513672
2 0.860156 0.541016 0.067187 0.246094
2 0.794531 0.531250 0.104688 0.152344
2 0.762500 0.490234 0.137500 0.175781
0 0.662500 0.506836 0.025000 0.158203
2 0.628906 0.517578 0.045312 0.101562
2 0.570312 0.496094 0.075000 0.082031
2 0.481250 0.487305 0.103125 0.173828
0 0.422656 0.503906 0.067187 0.207031
1 0.428906 0.599609 0.029687 0.105469
0 0.363281 0.473633 0.029687 0.076172
1 0.360938 0.509766 0.018750 0.050781
2 0.320312 0.484375 0.050000 0.078125
2 0.260937 0.487305 0.096875 0.111328
2 0.121094 0.496094 0.242188 0.210938
2 0.156250 0.434570 0.078125 0.037109
2 0.042188 0.527344 0.075000 0.207031
2 0.246094 0.518555 0.032813 0.083984