2 0.039844 0.516602 0.079687 0.169922
2 0.192188 0.495117 0.118750 0.091797
0 0.142969 0.458008 0.029687 0.056641
2 0.247656 0.480469 0.085938 0.085938
2 0.335156 0.473633 0.020313 0.048828
2 0.352344 0.469727 0.017188 0.044922
2 0.975000 0.591797 0.046875 0.144531
2 0.895312 0.528320 0.206250 0.201172
1 0.632031 0.559570 0.023438 0.115234
2 0.782031 0.508789 0.154688 0.138672
2 0.689063 0.497070 0.078125 0.087891
0 0.635938 0.483398 0.050000 0.166016
2 0.601562 0.484375 0.025000 0.070312
2 0.585938 0.486328 0.018750 0.050781
2 0.563281 0.471680 0.032813 0.044922
2 0.545312 0.465820 0.028125 0.044922
2 0.529687 0.462891 0.025000 0.042969
2 0.500000 0.465820 0.018750 0.021484
2 0.473438 0.467773 0.021875 0.025391
2 0.428125 0.465820 0.018750 0.025391
2 0.408594 0.466797 0.020313 0.027344
2 0.389062 0.464844 0.021875 0.031250
2 0.371094 0.464844 0.023438 0.042969
2 0.308594 0.475586 0.035937 0.056641