2 0.543750 0.567383 0.281250 0.228516
1 0.196094 0.551758 0.029687 0.072266
0 0.982031 0.505859 0.032813 0.164062
0 0.943750 0.482422 0.031250 0.105469
0 0.917188 0.479492 0.025000 0.111328
0 0.147656 0.476562 0.023438 0.062500
0 0.102344 0.476562 0.023438 0.074219
0 0.132031 0.475586 0.020313 0.060547
2 0.414062 0.467773 0.018750 0.025391
2 0.403125 0.470703 0.018750 0.027344
2 0.386719 0.473633 0.020313 0.029297
0 0.264062 0.497070 0.021875 0.041016
0 0.196875 0.476562 0.031250 0.066406
0 0.081250 0.480469 0.025000 0.085938
0 0.062500 0.477539 0.018750 0.083984
0 0.037500 0.481445 0.025000 0.076172
0 0.217188 0.470703 0.015625 0.050781
0 0.009375 0.455078 0.018750 0.035156