0 0.989062 0.496094 0.018750 0.125000
2 0.929688 0.477539 0.103125 0.107422
0 0.850781 0.487305 0.026562 0.091797
0 0.822656 0.488281 0.026562 0.093750
0 0.794531 0.490234 0.029687 0.093750
2 0.671875 0.492188 0.081250 0.070312
2 0.596094 0.479492 0.042188 0.041016
0 0.573438 0.473633 0.009375 0.037109
2 0.553125 0.473633 0.037500 0.041016
0 0.525000 0.468750 0.018750 0.039062
2 0.508594 0.460938 0.020313 0.027344
2 0.482031 0.466797 0.032813 0.042969
2 0.406250 0.474609 0.062500 0.066406
2 0.366406 0.476562 0.023438 0.031250
0 0.034375 0.464844 0.021875 0.042969
2 0.121875 0.496094 0.193750 0.171875