0 0.557031 0.467773 0.020313 0.060547
2 0.021875 0.539062 0.043750 0.187500
2 0.106250 0.526367 0.181250 0.185547
2 0.258594 0.511719 0.117188 0.101562
2 0.327344 0.496094 0.057813 0.085938
2 0.376563 0.473633 0.053125 0.064453
2 0.636719 0.501953 0.092188 0.089844
2 0.835938 0.489258 0.103125 0.115234
2 0.421875 0.469727 0.034375 0.044922
2 0.457813 0.464844 0.025000 0.039062
0 0.543750 0.463867 0.018750 0.048828
2 0.939063 0.471680 0.081250 0.087891
2 0.965625 0.480469 0.053125 0.105469
2 0.367188 0.486328 0.034375 0.054688
2 0.478906 0.454102 0.020313 0.029297
2 0.522656 0.457031 0.020313 0.023438
0 0.511719 0.454102 0.010937 0.029297
2 0.589063 0.472656 0.031250 0.039062