2 0.104688 0.575195 0.178125 0.162109
2 0.029687 0.615234 0.059375 0.152344
2 0.199219 0.542969 0.107813 0.117188
2 0.310937 0.493164 0.084375 0.095703
2 0.350781 0.533203 0.142187 0.132812
2 0.472656 0.445312 0.029687 0.031250
2 0.589844 0.487305 0.082812 0.107422
2 0.643750 0.533203 0.112500 0.117188
2 0.605469 0.515625 0.079687 0.093750
2 0.711719 0.570312 0.148438 0.156250
2 0.777344 0.626953 0.195312 0.218750
2 0.868750 0.747070 0.253125 0.482422
0 0.506250 0.456055 0.018750 0.052734
0 0.839063 0.424805 0.012500 0.029297
0 0.831250 0.423828 0.012500 0.027344
0 0.821094 0.422852 0.010937 0.029297
2 0.256250 0.471680 0.046875 0.037109