2 0.932031 0.594727 0.132812 0.298828
0 0.682813 0.461914 0.021875 0.072266
0 0.656250 0.464844 0.012500 0.039062
0 0.649219 0.462891 0.017188 0.050781
0 0.609375 0.458008 0.021875 0.064453
2 0.567187 0.466797 0.053125 0.070312
2 0.535937 0.460938 0.021875 0.050781
2 0.524219 0.455078 0.023438 0.042969
2 0.511719 0.451172 0.020313 0.039062
2 0.454688 0.441406 0.018750 0.023438
2 0.419531 0.439453 0.023438 0.023438
2 0.430469 0.461914 0.039062 0.048828
2 0.369531 0.466797 0.048438 0.050781
2 0.332813 0.469727 0.046875 0.056641
2 0.276562 0.474609 0.084375 0.093750
0 0.081250 0.469727 0.018750 0.083984