2 0.675000 0.534180 0.134375 0.115234
2 0.820312 0.480469 0.084375 0.070312
2 0.900781 0.514648 0.195312 0.111328
2 0.588281 0.469727 0.079687 0.072266
2 0.469531 0.458984 0.039062 0.035156
2 0.343750 0.489258 0.059375 0.056641
0 0.676562 0.455078 0.018750 0.042969
2 0.371094 0.474609 0.029687 0.042969
2 0.384375 0.468750 0.025000 0.039062
2 0.414062 0.458008 0.037500 0.041016
0 0.438281 0.458984 0.020313 0.050781
0 0.505469 0.449219 0.020313 0.039062
2 0.544531 0.459961 0.035937 0.037109
0 0.757031 0.425781 0.010937 0.023438
0 0.749219 0.425781 0.007812 0.023438