0 0.639062 0.483398 0.018750 0.107422
0 0.624219 0.496094 0.023438 0.125000
0 0.675000 0.511719 0.056250 0.191406
2 0.114062 0.459961 0.131250 0.091797
2 0.130469 0.530273 0.235937 0.166016
2 0.360156 0.489258 0.085938 0.068359
2 0.411719 0.473633 0.032813 0.060547
2 0.488281 0.457031 0.032813 0.039062
2 0.817187 0.491211 0.081250 0.091797
2 0.904687 0.482422 0.053125 0.078125
2 0.754687 0.536133 0.125000 0.115234
2 0.903125 0.646484 0.190625 0.277344
0 0.374219 0.443359 0.023438 0.023438
2 0.371875 0.440430 0.046875 0.025391
2 0.425000 0.476562 0.031250 0.046875
2 0.434375 0.467773 0.040625 0.052734
2 0.454688 0.463867 0.031250 0.044922
2 0.505469 0.454102 0.020313 0.025391
2 0.741406 0.458008 0.079687 0.041016
2 0.596875 0.452148 0.025000 0.029297