1 0.391406 0.588867 0.167187 0.111328
2 0.200000 0.495117 0.093750 0.080078
2 0.251563 0.490234 0.040625 0.066406
2 0.281250 0.479492 0.065625 0.068359
2 0.314063 0.472656 0.050000 0.062500
2 0.610156 0.487305 0.079687 0.072266
2 0.572656 0.483398 0.023438 0.056641
2 0.557813 0.482422 0.031250 0.058594
2 0.543750 0.470703 0.031250 0.062500
2 0.520312 0.476562 0.021875 0.039062
2 0.506250 0.469727 0.018750 0.029297
2 0.481250 0.464844 0.031250 0.027344
0 0.425781 0.460938 0.073438 0.160156
2 0.339062 0.472656 0.018750 0.058594
2 0.377344 0.475586 0.023438 0.021484
2 0.395313 0.470703 0.015625 0.023438
2 0.406250 0.466797 0.012500 0.019531