0 0.741406 0.473633 0.023438 0.099609
0 0.767188 0.458984 0.021875 0.101562
0 0.928125 0.523438 0.025000 0.113281
0 0.950000 0.511719 0.025000 0.128906
0 0.975000 0.512695 0.037500 0.119141
0 0.379688 0.478516 0.031250 0.089844
0 0.337500 0.459961 0.025000 0.068359
0 0.694531 0.454102 0.029687 0.056641
0 0.286719 0.458984 0.020313 0.066406
0 0.489844 0.451172 0.014063 0.027344
2 0.566406 0.459961 0.026562 0.025391
0 0.507812 0.452148 0.012500 0.029297
2 0.457031 0.459961 0.020313 0.029297
1 0.376563 0.496094 0.021875 0.062500
0 0.309375 0.437500 0.018750 0.027344