2 0.017969 0.638672 0.035937 0.140625
2 0.085156 0.596680 0.170313 0.169922
2 0.188281 0.545898 0.123438 0.123047
2 0.297656 0.498047 0.082812 0.097656
2 0.330469 0.480469 0.035937 0.082031
2 0.371094 0.464844 0.051562 0.062500
2 0.910156 0.515625 0.107813 0.101562
2 0.831250 0.509766 0.093750 0.109375
2 0.655469 0.510742 0.123438 0.123047
2 0.529687 0.465820 0.050000 0.056641
0 0.576562 0.506836 0.025000 0.099609
1 0.552344 0.562500 0.023438 0.074219
0 0.548438 0.519531 0.031250 0.128906
0 0.360938 0.480469 0.021875 0.062500
1 0.359375 0.506836 0.018750 0.052734
2 0.728125 0.475586 0.059375 0.083984
2 0.964844 0.517578 0.067187 0.117188
2 0.423438 0.456055 0.031250 0.037109