2 0.969531 0.715820 0.057813 0.169922
2 0.873437 0.585938 0.246875 0.226562
2 0.709375 0.522461 0.103125 0.103516
2 0.673438 0.510742 0.068750 0.095703
2 0.653906 0.495117 0.060937 0.072266
2 0.617188 0.477539 0.050000 0.064453
2 0.565625 0.461914 0.034375 0.029297
2 0.500781 0.452148 0.026562 0.029297
0 0.532813 0.457031 0.015625 0.039062
0 0.439063 0.453125 0.012500 0.035156
0 0.396094 0.457031 0.014063 0.035156
0 0.304688 0.467773 0.015625 0.052734
0 0.321875 0.467773 0.012500 0.048828
0 0.330469 0.465820 0.017188 0.048828