2 0.260937 0.480469 0.090625 0.093750
2 0.331250 0.472656 0.025000 0.050781
2 0.346094 0.464844 0.042188 0.054688
2 0.433594 0.458984 0.035937 0.046875
2 0.472656 0.470703 0.067187 0.058594
2 0.573438 0.489258 0.078125 0.087891
2 0.635156 0.475586 0.035937 0.060547
2 0.827344 0.489258 0.110937 0.083984
2 0.709375 0.492188 0.090625 0.101562
0 0.764844 0.505859 0.045312 0.144531
2 0.377344 0.464844 0.029687 0.039062
2 0.396875 0.459961 0.018750 0.029297
2 0.510156 0.457031 0.029687 0.031250
2 0.308594 0.476562 0.026562 0.066406