0 0.088281 0.616211 0.082812 0.291016
2 0.029687 0.606445 0.059375 0.189453
2 0.165625 0.548828 0.125000 0.125000
2 0.246094 0.518555 0.079687 0.091797
2 0.324219 0.487305 0.073438 0.087891
2 0.381250 0.511719 0.106250 0.105469
2 0.829688 0.656250 0.325000 0.359375
2 0.692969 0.562500 0.101562 0.156250
2 0.650000 0.538086 0.084375 0.126953
2 0.607812 0.512695 0.059375 0.099609
2 0.448437 0.442383 0.021875 0.033203
2 0.467969 0.442383 0.020313 0.025391
2 0.496094 0.438477 0.029687 0.029297
0 0.507031 0.455078 0.020313 0.046875
2 0.277344 0.463867 0.045312 0.041016
2 0.578125 0.478516 0.071875 0.093750
0 0.825781 0.419922 0.010937 0.027344
0 0.817969 0.421875 0.010937 0.023438
0 0.810156 0.421875 0.010937 0.027344