2 0.975000 0.759766 0.046875 0.238281
2 0.887500 0.612305 0.209375 0.279297
2 0.776563 0.552734 0.165625 0.148438
2 0.700781 0.530273 0.107813 0.103516
2 0.625000 0.497070 0.062500 0.064453
2 0.535156 0.464844 0.035937 0.035156
2 0.201563 0.467773 0.121875 0.068359
2 0.086719 0.458984 0.104688 0.089844
2 0.042188 0.468750 0.078125 0.082031
0 0.359375 0.465820 0.021875 0.056641
2 0.242188 0.458008 0.078125 0.064453
2 0.077344 0.470703 0.070312 0.082031
2 0.314063 0.456055 0.034375 0.044922
2 0.384375 0.463867 0.028125 0.037109
2 0.476562 0.461914 0.025000 0.025391
2 0.589063 0.476562 0.034375 0.058594