0 0.650781 0.463867 0.026562 0.091797
0 0.669531 0.459961 0.023438 0.099609
0 0.689063 0.465820 0.028125 0.095703
2 0.808594 0.463867 0.054688 0.072266
2 0.926562 0.451172 0.143750 0.152344
2 0.949219 0.490234 0.095312 0.132812
0 0.115625 0.494141 0.025000 0.058594
0 0.133594 0.491211 0.023438 0.060547
0 0.597656 0.459961 0.026562 0.064453
2 0.727344 0.459961 0.035937 0.060547
2 0.414062 0.461914 0.025000 0.029297
2 0.442188 0.464844 0.040625 0.042969
0 0.378906 0.464844 0.020313 0.039062
0 0.557031 0.459961 0.014063 0.048828
0 0.546875 0.460938 0.012500 0.046875