2 0.907031 0.528320 0.182812 0.447266
2 0.659375 0.494141 0.084375 0.070312
2 0.599219 0.471680 0.051562 0.064453
2 0.064062 0.520508 0.128125 0.134766
2 0.178125 0.496094 0.112500 0.097656
2 0.273438 0.499023 0.078125 0.083984
2 0.354687 0.492188 0.093750 0.093750
2 0.481250 0.471680 0.018750 0.029297
2 0.467187 0.472656 0.018750 0.031250
2 0.447656 0.473633 0.020313 0.033203
2 0.429688 0.476562 0.021875 0.031250
2 0.410938 0.476562 0.018750 0.035156
2 0.500781 0.466797 0.017188 0.019531
2 0.515625 0.464844 0.015625 0.019531
2 0.568750 0.466797 0.021875 0.027344