0 0.919531 0.410156 0.014063 0.054688
0 0.902344 0.395508 0.010937 0.025391
0 0.885938 0.421875 0.012500 0.054688
0 0.850781 0.417969 0.014063 0.042969
0 0.839063 0.417969 0.015625 0.046875
0 0.803906 0.431641 0.023438 0.062500
0 0.785156 0.434570 0.020313 0.056641
0 0.757812 0.401367 0.012500 0.044922
0 0.727344 0.412109 0.017188 0.042969
0 0.746094 0.426758 0.014063 0.021484
0 0.756250 0.482422 0.028125 0.105469
0 0.729688 0.485352 0.025000 0.091797
0 0.711719 0.450195 0.014063 0.068359
0 0.694531 0.466797 0.020313 0.078125
0 0.681250 0.423828 0.012500 0.019531
0 0.675000 0.472656 0.021875 0.082031
0 0.662500 0.417969 0.012500 0.027344
0 0.653906 0.414062 0.010937 0.019531
0 0.644531 0.417969 0.010937 0.023438
0 0.657813 0.456055 0.012500 0.052734
0 0.637500 0.467773 0.031250 0.076172
0 0.634375 0.412109 0.009375 0.023438
0 0.625000 0.409180 0.015625 0.025391
0 0.598437 0.410156 0.009375 0.035156
0 0.586719 0.412109 0.010937 0.035156
0 0.575000 0.424805 0.009375 0.044922
0 0.555469 0.424805 0.010937 0.044922
0 0.538281 0.425781 0.010937 0.039062
2 0.454688 0.403320 0.021875 0.017578
2 0.462500 0.412109 0.025000 0.027344
2 0.476562 0.426758 0.028125 0.033203
2 0.497656 0.441406 0.051562 0.050781
2 0.512500 0.503906 0.100000 0.109375
2 0.437500 0.402344 0.015625 0.019531
2 0.431250 0.432617 0.050000 0.060547
2 0.391406 0.412109 0.023438 0.023438
2 0.370312 0.433594 0.043750 0.046875
2 0.336719 0.453125 0.064062 0.070312
2 0.293750 0.457031 0.025000 0.054688
2 0.260937 0.461914 0.056250 0.060547
2 0.414062 0.468750 0.071875 0.070312
0 0.139844 0.451172 0.017188 0.046875
0 0.128906 0.451172 0.014063 0.046875
2 0.164062 0.533203 0.171875 0.140625
0 0.882812 0.487305 0.028125 0.107422