2 0.093750 0.605469 0.178125 0.199219
2 0.292187 0.519531 0.096875 0.085938
2 0.655469 0.501953 0.123438 0.105469
2 0.591406 0.462891 0.054688 0.054688
2 0.760156 0.585938 0.182812 0.175781
2 0.352344 0.478516 0.057813 0.050781
2 0.395313 0.468750 0.046875 0.042969
0 0.901563 0.717773 0.118750 0.373047
1 0.882812 0.840820 0.137500 0.302734
2 0.503125 0.449219 0.046875 0.039062
2 0.832031 0.435547 0.076563 0.042969
2 0.746875 0.454102 0.059375 0.041016
2 0.853906 0.499023 0.104688 0.083984
2 0.287500 0.448242 0.068750 0.037109
2 0.043750 0.501953 0.087500 0.074219