0 0.878906 0.504883 0.045312 0.259766
2 0.715625 0.455078 0.025000 0.023438
2 0.689844 0.456055 0.029687 0.025391
2 0.651563 0.452148 0.043750 0.021484
2 0.599219 0.454102 0.035937 0.021484
2 0.406250 0.458008 0.028125 0.033203
2 0.565625 0.455078 0.028125 0.023438
2 0.337500 0.484375 0.100000 0.097656
2 0.134375 0.454102 0.031250 0.025391
2 0.082031 0.464844 0.035937 0.039062
0 0.251563 0.464844 0.021875 0.070312
0 0.038281 0.494141 0.029687 0.136719
2 0.012500 0.441406 0.025000 0.031250
2 0.192969 0.443359 0.032813 0.027344
2 0.518750 0.452148 0.021875 0.029297
2 0.975781 0.536133 0.045312 0.228516