1 0.963281 0.684570 0.070312 0.162109
1 0.548438 0.509766 0.021875 0.058594
1 0.489063 0.507812 0.018750 0.054688
1 0.111719 0.527344 0.039062 0.082031
1 0.062500 0.523438 0.034375 0.093750
1 0.828906 0.531250 0.057813 0.140625
1 0.698438 0.500977 0.031250 0.083984
2 0.393750 0.474609 0.075000 0.031250
1 0.621875 0.506836 0.046875 0.029297
0 0.197656 0.467773 0.014063 0.068359
2 0.907813 0.452148 0.050000 0.048828
0 0.968750 0.485352 0.059375 0.228516
1 0.914062 0.544922 0.031250 0.128906
1 0.878906 0.549805 0.032813 0.115234
0 0.654687 0.463867 0.018750 0.052734
0 0.635156 0.462891 0.020313 0.054688
0 0.617188 0.461914 0.025000 0.052734
0 0.595313 0.459961 0.021875 0.041016
0 0.546875 0.476562 0.025000 0.105469
0 0.485938 0.479492 0.031250 0.091797
2 0.457813 0.466797 0.018750 0.027344
1 0.732031 0.522461 0.014063 0.056641
1 0.231250 0.502930 0.037500 0.052734
1 0.167969 0.502930 0.020313 0.056641
1 0.146094 0.505859 0.026562 0.058594