0 0.944531 0.516602 0.085938 0.326172
0 0.878906 0.566406 0.048438 0.210938
0 0.807031 0.512695 0.057813 0.212891
0 0.724219 0.507812 0.039062 0.191406
2 0.767969 0.458008 0.032813 0.029297
2 0.759375 0.483398 0.028125 0.029297
2 0.682813 0.485352 0.037500 0.044922
2 0.620313 0.471680 0.065625 0.068359
2 0.560156 0.474609 0.032813 0.066406
2 0.496875 0.473633 0.028125 0.037109
2 0.467969 0.472656 0.023438 0.031250
2 0.392969 0.515625 0.148438 0.164062
2 0.329688 0.462891 0.021875 0.027344
2 0.282813 0.474609 0.078125 0.054688
2 0.156250 0.502930 0.178125 0.130859
2 0.035937 0.556641 0.071875 0.242188