2 0.828125 0.479492 0.153125 0.068359
2 0.749219 0.470703 0.067187 0.054688
2 0.714844 0.466797 0.060937 0.046875
2 0.678125 0.461914 0.050000 0.044922
2 0.935937 0.468750 0.034375 0.042969
2 0.980469 0.468750 0.029687 0.039062
2 0.451562 0.463867 0.037500 0.041016
2 0.419531 0.450195 0.026562 0.025391
2 0.385156 0.460938 0.020313 0.027344
2 0.366406 0.461914 0.023438 0.029297
2 0.353906 0.463867 0.020313 0.029297
2 0.303906 0.463867 0.048438 0.052734
2 0.192188 0.478516 0.078125 0.066406
2 0.094531 0.491211 0.120313 0.091797
2 0.243750 0.475586 0.025000 0.064453
2 0.267188 0.468750 0.021875 0.035156
0 0.567187 0.473633 0.015625 0.041016