0 0.457031 0.470703 0.020313 0.058594
0 0.506250 0.466797 0.025000 0.062500
0 0.540625 0.478516 0.025000 0.058594
2 0.960938 0.845703 0.071875 0.250000
2 0.868750 0.685547 0.256250 0.269531
2 0.770312 0.562500 0.196875 0.179688
2 0.653906 0.497070 0.101562 0.107422
2 0.391406 0.466797 0.045312 0.058594
2 0.355469 0.493164 0.054688 0.068359
2 0.309375 0.510742 0.090625 0.087891
2 0.118750 0.586914 0.221875 0.166016
2 0.139844 0.477539 0.076563 0.056641
2 0.060156 0.477539 0.120313 0.060547
2 0.043750 0.501953 0.087500 0.070312
2 0.421875 0.464844 0.025000 0.039062
2 0.597656 0.488281 0.042188 0.070312
2 0.566406 0.485352 0.048438 0.060547