0 0.988281 0.483398 0.020313 0.162109
0 0.953125 0.500000 0.037500 0.128906
0 0.875000 0.499023 0.043750 0.138672
2 0.496875 0.489258 0.028125 0.041016
2 0.484375 0.475586 0.025000 0.029297
2 0.468750 0.461914 0.021875 0.025391
2 0.459375 0.452148 0.021875 0.029297
2 0.392188 0.442383 0.018750 0.025391
2 0.381250 0.451172 0.018750 0.023438
2 0.367188 0.459961 0.018750 0.033203
2 0.347656 0.469727 0.029687 0.037109
2 0.329688 0.481445 0.031250 0.033203
0 0.163281 0.504883 0.020313 0.041016
2 0.059375 0.573242 0.118750 0.271484
0 0.532031 0.459961 0.014063 0.029297
0 0.649219 0.471680 0.014063 0.029297