1 0.566406 0.524414 0.020313 0.099609
1 0.475781 0.524414 0.023438 0.091797
1 0.442969 0.499023 0.017188 0.060547
0 0.887500 0.438477 0.031250 0.119141
0 0.845313 0.438477 0.015625 0.099609
1 0.882812 0.527344 0.025000 0.066406
1 0.967187 0.552734 0.062500 0.148438
1 0.918750 0.498047 0.053125 0.101562
0 0.101562 0.463867 0.031250 0.107422
0 0.042969 0.470703 0.032813 0.113281
2 0.254688 0.483398 0.084375 0.060547
2 0.290625 0.476562 0.031250 0.046875
2 0.299219 0.471680 0.039062 0.052734
1 0.642969 0.488281 0.035937 0.070312
1 0.832812 0.528320 0.034375 0.076172
1 0.617969 0.484375 0.020313 0.062500
0 0.566406 0.466797 0.039062 0.167969
0 0.522656 0.451172 0.010937 0.035156
0 0.475000 0.475586 0.037500 0.146484
0 0.439844 0.450195 0.023438 0.056641
2 0.417969 0.461914 0.023438 0.033203
2 0.375000 0.457031 0.021875 0.019531
0 0.193750 0.458984 0.018750 0.046875
1 0.167187 0.481445 0.018750 0.041016