0 0.564063 0.456055 0.025000 0.068359
0 0.547656 0.453125 0.020313 0.078125
0 0.414844 0.448242 0.020313 0.060547
2 0.619531 0.465820 0.082812 0.083984
2 0.368750 0.458008 0.062500 0.064453
2 0.227344 0.454102 0.060937 0.056641
2 0.033594 0.452148 0.057813 0.103516
2 0.126562 0.451172 0.046875 0.082031
2 0.164062 0.448242 0.040625 0.052734
2 0.147656 0.425781 0.085938 0.062500
2 0.296094 0.465820 0.095312 0.083984
2 0.430469 0.448242 0.020313 0.033203
2 0.448437 0.444336 0.018750 0.037109
2 0.457031 0.437500 0.023438 0.031250