0 0.438281 0.511719 0.051562 0.152344
0 0.573438 0.525391 0.050000 0.140625
0 0.334375 0.451172 0.018750 0.046875
0 0.319531 0.455078 0.020313 0.062500
2 0.919531 0.728516 0.151562 0.296875
2 0.813281 0.604492 0.260937 0.197266
2 0.676562 0.535156 0.128125 0.132812
2 0.291406 0.505859 0.073438 0.093750
2 0.242969 0.530273 0.101562 0.123047
2 0.183594 0.564453 0.154688 0.175781
2 0.077344 0.632812 0.154688 0.253906
0 0.307031 0.453125 0.020313 0.058594
2 0.475781 0.456055 0.026562 0.033203
0 0.378125 0.460938 0.018750 0.046875
2 0.393750 0.458008 0.025000 0.041016
2 0.548438 0.463867 0.040625 0.044922
2 0.856250 0.472656 0.062500 0.046875
2 0.930469 0.480469 0.107813 0.066406
1 0.434375 0.558594 0.028125 0.097656