2 0.736719 0.515625 0.104688 0.101562
2 0.671875 0.493164 0.043750 0.060547
2 0.435156 0.472656 0.073438 0.074219
2 0.423438 0.488281 0.040625 0.070312
2 0.372656 0.501953 0.107813 0.085938
2 0.209375 0.525391 0.209375 0.195312
2 0.087500 0.574219 0.171875 0.230469
0 0.875781 0.568359 0.110937 0.312500
1 0.875781 0.680664 0.057813 0.177734
1 0.968750 0.764648 0.059375 0.169922
0 0.960938 0.648438 0.075000 0.312500
2 0.510938 0.462891 0.031250 0.035156
2 0.651563 0.486328 0.028125 0.042969
2 0.644531 0.481445 0.029687 0.041016
2 0.632812 0.475586 0.031250 0.044922
2 0.610156 0.470703 0.026562 0.027344
2 0.475781 0.475586 0.026562 0.037109