2 0.093750 0.590820 0.187500 0.185547
2 0.199219 0.538086 0.107813 0.115234
2 0.251563 0.509766 0.084375 0.089844
2 0.307031 0.493164 0.070312 0.068359
2 0.339844 0.472656 0.060937 0.070312
2 0.396875 0.447266 0.040625 0.039062
2 0.563281 0.468750 0.048438 0.074219
2 0.598437 0.478516 0.071875 0.078125
2 0.621875 0.501953 0.093750 0.097656
2 0.708594 0.459961 0.035937 0.056641
2 0.889844 0.461914 0.092188 0.099609
2 0.950000 0.450195 0.037500 0.052734
2 0.434375 0.441406 0.028125 0.023438
2 0.476562 0.426758 0.018750 0.021484
2 0.539062 0.451172 0.028125 0.046875
2 0.528906 0.443359 0.029687 0.031250
0 0.456250 0.432617 0.015625 0.029297
0 0.492188 0.429688 0.015625 0.027344