0 0.636719 0.498047 0.029687 0.121094
0 0.691406 0.515625 0.073438 0.195312
2 0.077344 0.443359 0.142187 0.066406
2 0.091406 0.550781 0.179688 0.203125
2 0.341406 0.495117 0.101562 0.083984
2 0.399219 0.481445 0.042188 0.056641
2 0.430469 0.466797 0.042188 0.050781
2 0.485938 0.458008 0.034375 0.037109
2 0.864844 0.494141 0.104688 0.093750
2 0.964063 0.503906 0.050000 0.062500
2 0.800781 0.552734 0.151562 0.152344
2 0.956250 0.720703 0.078125 0.195312
2 0.774219 0.458984 0.092188 0.042969
2 0.453906 0.465820 0.029687 0.056641
0 0.360156 0.440430 0.023438 0.029297
2 0.171875 0.463867 0.068750 0.072266
2 0.506250 0.453125 0.018750 0.027344
2 0.600781 0.451172 0.026562 0.031250