2 0.849219 0.492188 0.279687 0.136719
2 0.594531 0.489258 0.110937 0.099609
2 0.541406 0.477539 0.048438 0.076172
2 0.441406 0.476562 0.073438 0.074219
1 0.240625 0.511719 0.021875 0.050781
0 0.777344 0.442383 0.029687 0.060547
0 0.140625 0.453125 0.028125 0.070312
1 0.676562 0.486328 0.021875 0.035156
2 0.409375 0.454102 0.015625 0.021484
0 0.350000 0.456055 0.012500 0.037109
0 0.315625 0.457031 0.018750 0.058594
1 0.262500 0.481445 0.021875 0.033203
1 0.208594 0.489258 0.020313 0.041016
1 0.189844 0.485352 0.020313 0.041016
0 0.242969 0.457031 0.017188 0.058594
1 0.093750 0.483398 0.025000 0.041016
1 0.067187 0.479492 0.031250 0.060547
1 0.040625 0.480469 0.021875 0.062500
1 0.014844 0.483398 0.029687 0.060547