0 0.281250 0.472656 0.031250 0.101562
1 0.237500 0.470703 0.059375 0.058594
2 0.324219 0.485352 0.060937 0.076172
2 0.430469 0.474609 0.201563 0.121094
2 0.539062 0.495117 0.137500 0.111328
2 0.610938 0.493164 0.206250 0.134766
2 0.706250 0.498047 0.193750 0.136719
2 0.844531 0.506836 0.235937 0.154297
2 0.974219 0.497070 0.048438 0.201172
0 0.767969 0.414062 0.029687 0.031250
0 0.814844 0.416016 0.026562 0.031250
0 0.868750 0.414062 0.025000 0.031250
0 0.889062 0.411133 0.025000 0.033203
0 0.909375 0.412109 0.021875 0.035156
0 0.359375 0.439453 0.018750 0.015625
0 0.342187 0.443359 0.012500 0.011719