0 0.338281 0.478516 0.032813 0.097656
1 0.299219 0.477539 0.057813 0.056641
2 0.387500 0.492188 0.059375 0.070312
2 0.480469 0.476562 0.173437 0.109375
2 0.578125 0.489258 0.109375 0.091797
2 0.639062 0.492188 0.171875 0.121094
2 0.839063 0.500977 0.203125 0.134766
2 0.724219 0.500000 0.167187 0.113281
2 0.962500 0.496094 0.071875 0.171875
0 0.785937 0.422852 0.028125 0.037109
0 0.831250 0.424805 0.018750 0.021484
0 0.882031 0.417969 0.023438 0.027344
0 0.899219 0.415039 0.020313 0.033203
0 0.413281 0.449219 0.014063 0.015625
0 0.396094 0.449219 0.010937 0.015625