0 0.443750 0.493164 0.043750 0.169922
0 0.320312 0.472656 0.025000 0.101562
0 0.136719 0.479492 0.048438 0.162109
2 0.030469 0.462891 0.060937 0.164062
2 0.078906 0.481445 0.067187 0.099609
2 0.374219 0.476562 0.085938 0.089844
2 0.493750 0.453125 0.084375 0.039062
2 0.500781 0.505859 0.073438 0.105469
2 0.564844 0.498047 0.101562 0.148438
2 0.593750 0.504883 0.078125 0.154297
2 0.641406 0.499023 0.067187 0.166016
2 0.822656 0.479492 0.348438 0.357422
2 0.293750 0.475586 0.040625 0.060547
2 0.264062 0.468750 0.046875 0.046875
2 0.225000 0.467773 0.031250 0.044922
0 0.172656 0.463867 0.020313 0.060547