2 0.080469 0.602539 0.160938 0.220703
2 0.367969 0.483398 0.048438 0.052734
2 0.483594 0.452148 0.032813 0.029297
2 0.582812 0.467773 0.062500 0.060547
2 0.654687 0.516602 0.112500 0.095703
2 0.846875 0.492188 0.156250 0.089844
2 0.958594 0.484375 0.076563 0.074219
2 0.877344 0.707031 0.235937 0.406250
2 0.791406 0.472656 0.079687 0.062500
0 0.672656 0.450195 0.020313 0.041016
0 0.515625 0.448242 0.018750 0.037109
0 0.454688 0.455078 0.018750 0.050781
2 0.394531 0.471680 0.023438 0.037109
2 0.410938 0.463867 0.021875 0.029297
2 0.424219 0.455078 0.032813 0.035156
2 0.550000 0.458984 0.031250 0.035156