0 0.744531 0.506836 0.035937 0.201172
0 0.707031 0.538086 0.032813 0.130859
0 0.667969 0.504883 0.032813 0.146484
0 0.620313 0.498047 0.028125 0.132812
2 0.578906 0.478516 0.054688 0.062500
2 0.535156 0.478516 0.032813 0.062500
2 0.490625 0.476562 0.028125 0.035156
2 0.469531 0.494141 0.023438 0.046875
2 0.401562 0.500977 0.106250 0.119141
2 0.334375 0.496094 0.028125 0.054688
2 0.279687 0.486328 0.081250 0.085938
2 0.137500 0.491211 0.203125 0.177734
2 0.020313 0.464844 0.040625 0.062500
2 0.777344 0.503906 0.023438 0.050781
2 0.043750 0.449219 0.031250 0.019531