1 0.446875 0.538086 0.137500 0.068359
2 0.550781 0.465820 0.079687 0.087891
2 0.500000 0.460938 0.034375 0.054688
2 0.207813 0.484375 0.071875 0.066406
2 0.253125 0.478516 0.040625 0.050781
2 0.275781 0.472656 0.039062 0.054688
2 0.347656 0.469727 0.048438 0.041016
2 0.121875 0.460938 0.028125 0.042969
2 0.166406 0.463867 0.023438 0.037109
2 0.316406 0.471680 0.023438 0.037109
2 0.097656 0.459961 0.020313 0.037109
2 0.080469 0.459961 0.020313 0.044922
2 0.061719 0.464844 0.026562 0.050781
2 0.023438 0.461914 0.046875 0.044922
2 0.378125 0.460938 0.015625 0.023438
2 0.389062 0.458984 0.012500 0.019531
0 0.442188 0.479492 0.056250 0.138672