2 0.056250 0.568359 0.109375 0.199219
2 0.160938 0.539062 0.159375 0.160156
2 0.253125 0.516602 0.100000 0.103516
2 0.306250 0.492188 0.100000 0.105469
2 0.357031 0.489258 0.048438 0.072266
2 0.397656 0.479492 0.054688 0.060547
2 0.624219 0.482422 0.060937 0.054688
2 0.664062 0.517578 0.046875 0.097656
2 0.750000 0.545898 0.162500 0.169922
0 0.557031 0.469727 0.020313 0.052734
0 0.575000 0.468750 0.021875 0.062500
2 0.445312 0.466797 0.043750 0.046875
2 0.478125 0.462891 0.025000 0.031250
0 0.502344 0.458984 0.010937 0.035156
2 0.532813 0.457031 0.025000 0.027344
0 0.517969 0.458008 0.010937 0.037109