0 0.982031 0.511719 0.029687 0.164062
0 0.944531 0.516602 0.029687 0.154297
0 0.903906 0.516602 0.032813 0.150391
0 0.873437 0.490234 0.021875 0.097656
0 0.830469 0.483398 0.023438 0.083984
0 0.799219 0.480469 0.020313 0.085938
0 0.767188 0.472656 0.018750 0.066406
0 0.752344 0.479492 0.014063 0.048828
1 0.752344 0.526367 0.029687 0.041016
0 0.691406 0.461914 0.020313 0.052734
0 0.658594 0.455078 0.017188 0.046875
0 0.646094 0.454102 0.010937 0.041016
0 0.630469 0.457031 0.010937 0.039062
2 0.456250 0.471680 0.062500 0.064453
2 0.235156 0.456055 0.060937 0.052734