0 0.854688 0.417969 0.028125 0.050781
2 0.491406 0.444336 0.017188 0.021484
0 0.448437 0.442383 0.012500 0.029297
0 0.436719 0.443359 0.010937 0.039062
0 0.415625 0.443359 0.012500 0.035156
0 0.353125 0.441406 0.012500 0.027344
0 0.303906 0.438477 0.010937 0.029297
0 0.279687 0.437500 0.012500 0.031250
0 0.270313 0.432617 0.012500 0.037109
0 0.260156 0.434570 0.010937 0.025391
0 0.226562 0.441406 0.015625 0.050781
0 0.203125 0.438477 0.015625 0.052734
0 0.189844 0.440430 0.014063 0.048828
0 0.128906 0.426758 0.014063 0.025391
0 0.104688 0.434570 0.018750 0.048828
0 0.864844 0.465820 0.023438 0.041016