0 0.954688 0.512695 0.062500 0.181641
0 0.365625 0.470703 0.025000 0.070312
2 0.886719 0.496094 0.085938 0.058594
2 0.820312 0.500000 0.100000 0.050781
2 0.714063 0.492188 0.125000 0.062500
2 0.689063 0.471680 0.090625 0.072266
2 0.596875 0.467773 0.037500 0.052734
2 0.339844 0.454102 0.029687 0.037109
2 0.291406 0.462891 0.026562 0.027344
2 0.117188 0.466797 0.037500 0.050781
2 0.063281 0.466797 0.035937 0.054688
2 0.187500 0.459961 0.025000 0.037109
2 0.164844 0.456055 0.029687 0.037109
2 0.905469 0.517578 0.054688 0.039062