2 0.127344 0.563477 0.251563 0.166016
0 0.173437 0.471680 0.037500 0.037109
0 0.207031 0.466797 0.035937 0.050781
2 0.250000 0.509766 0.059375 0.058594
2 0.305469 0.506836 0.051562 0.041016
2 0.523438 0.547852 0.087500 0.087891
2 0.482031 0.523438 0.051562 0.066406
2 0.843750 0.554688 0.306250 0.054688
2 0.882812 0.522461 0.137500 0.072266
2 0.341406 0.504883 0.023438 0.033203
0 0.363281 0.505859 0.010937 0.035156
0 0.375000 0.505859 0.009375 0.039062
0 0.385937 0.505859 0.015625 0.035156
2 0.410938 0.510742 0.025000 0.029297
0 0.435937 0.510742 0.015625 0.037109
2 0.465625 0.512695 0.034375 0.052734
2 0.760938 0.612305 0.140625 0.064453