2 0.059375 0.551758 0.115625 0.185547
2 0.138281 0.505859 0.132812 0.156250
2 0.246094 0.495117 0.057813 0.099609
2 0.295312 0.496094 0.056250 0.082031
2 0.333594 0.488281 0.048438 0.062500
2 0.388281 0.478516 0.045312 0.046875
2 0.772656 0.475586 0.092188 0.091797
2 0.831250 0.480469 0.075000 0.097656
2 0.909375 0.468750 0.137500 0.117188
0 0.221875 0.516602 0.053125 0.158203
0 0.439844 0.470703 0.020313 0.058594
2 0.454688 0.465820 0.018750 0.033203
2 0.462500 0.459961 0.021875 0.029297
2 0.482031 0.459961 0.020313 0.025391
2 0.575781 0.463867 0.032813 0.033203
2 0.634375 0.460938 0.021875 0.035156
0 0.549219 0.456055 0.014063 0.041016
0 0.538281 0.457031 0.010937 0.031250
2 0.529687 0.458008 0.018750 0.025391