0 0.950781 0.465820 0.023438 0.033203
0 0.862500 0.476562 0.043750 0.132812
0 0.947656 0.425781 0.020313 0.042969
0 0.806250 0.473633 0.021875 0.095703
0 0.789062 0.468750 0.031250 0.113281
0 0.773438 0.471680 0.021875 0.099609
0 0.725781 0.465820 0.020313 0.072266
0 0.696094 0.466797 0.023438 0.074219
2 0.582812 0.485352 0.100000 0.107422
2 0.439063 0.462891 0.046875 0.058594
2 0.367969 0.458984 0.026562 0.031250
2 0.396875 0.463867 0.031250 0.033203
2 0.240625 0.483398 0.071875 0.072266
2 0.134375 0.495117 0.143750 0.130859
2 0.014063 0.536133 0.028125 0.126953
0 0.492188 0.456055 0.009375 0.025391
0 0.542188 0.455078 0.009375 0.027344
0 0.521094 0.454102 0.007812 0.029297