2 0.628906 0.462891 0.129688 0.136719
0 0.553906 0.461914 0.029687 0.134766
2 0.101562 0.496094 0.203125 0.152344
2 0.197656 0.458984 0.079687 0.078125
2 0.240625 0.458984 0.037500 0.070312
2 0.517969 0.453125 0.048438 0.074219
2 0.338281 0.451172 0.020313 0.039062
2 0.487500 0.457031 0.021875 0.035156
2 0.469531 0.451172 0.020313 0.031250
2 0.457813 0.447266 0.018750 0.023438
2 0.445312 0.445312 0.012500 0.019531
2 0.433594 0.445312 0.010937 0.019531
2 0.388281 0.445312 0.010937 0.019531
2 0.379688 0.447266 0.012500 0.019531
2 0.368750 0.445312 0.012500 0.015625
2 0.354687 0.448242 0.018750 0.029297
2 0.303125 0.457031 0.053125 0.039062