2 0.092188 0.599609 0.175000 0.167969
2 0.211719 0.538086 0.132812 0.134766
2 0.292187 0.500977 0.106250 0.130859
2 0.617188 0.490234 0.056250 0.066406
2 0.655469 0.507812 0.073438 0.109375
2 0.728906 0.549805 0.198437 0.193359
2 0.921094 0.740234 0.154688 0.332031
2 0.517188 0.454102 0.043750 0.033203
0 0.580469 0.474609 0.020313 0.082031
0 0.566406 0.476562 0.023438 0.078125
0 0.553125 0.475586 0.025000 0.076172
2 0.401562 0.468750 0.040625 0.058594
2 0.347656 0.503906 0.029687 0.078125
2 0.379688 0.476562 0.028125 0.058594
2 0.367188 0.487305 0.028125 0.064453
2 0.357031 0.491211 0.026562 0.072266
2 0.056250 0.458984 0.071875 0.039062
2 0.442188 0.448242 0.025000 0.033203