2 0.176563 0.505859 0.121875 0.093750
2 0.322656 0.506836 0.082812 0.083984
2 0.414062 0.471680 0.043750 0.052734
2 0.442969 0.465820 0.023438 0.044922
2 0.518750 0.450195 0.034375 0.029297
2 0.957812 0.791016 0.078125 0.246094
2 0.798438 0.583008 0.212500 0.166016
2 0.711719 0.535156 0.123438 0.113281
2 0.657031 0.500977 0.073438 0.095703
2 0.025781 0.511719 0.051562 0.101562
2 0.055469 0.486328 0.110937 0.105469
2 0.119531 0.459961 0.048438 0.041016
2 0.153906 0.440430 0.079687 0.033203
2 0.223438 0.478516 0.109375 0.082031
2 0.604688 0.470703 0.050000 0.066406
2 0.464062 0.446289 0.034375 0.033203