2 0.970313 0.788086 0.056250 0.193359
2 0.850781 0.644531 0.289062 0.222656
2 0.689844 0.535156 0.145313 0.101562
2 0.260156 0.518555 0.092188 0.115234
2 0.206250 0.546875 0.112500 0.140625
2 0.114062 0.593750 0.200000 0.199219
2 0.026562 0.651367 0.053125 0.197266
1 0.421875 0.579102 0.018750 0.095703
0 0.580469 0.522461 0.067187 0.158203
0 0.432812 0.520508 0.053125 0.158203
0 0.360938 0.464844 0.028125 0.046875
0 0.302344 0.458984 0.020313 0.054688
2 0.867969 0.479492 0.070312 0.064453
2 0.945312 0.484375 0.106250 0.074219
2 0.543750 0.459961 0.046875 0.060547
2 0.467969 0.458984 0.026562 0.031250
0 0.285938 0.460938 0.018750 0.062500