2 0.933594 0.738281 0.129688 0.417969
0 0.239844 0.464844 0.026562 0.074219
0 0.217188 0.471680 0.018750 0.064453
2 0.639062 0.482422 0.062500 0.066406
2 0.842187 0.572266 0.259375 0.253906
0 0.702344 0.471680 0.020313 0.052734
0 0.317188 0.428711 0.021875 0.029297
0 0.562500 0.458984 0.012500 0.035156
0 0.572656 0.457031 0.014063 0.031250
0 0.509375 0.455078 0.012500 0.031250
0 0.440625 0.451172 0.012500 0.031250
0 0.402344 0.457031 0.014063 0.050781
0 0.390625 0.457031 0.018750 0.046875
0 0.582812 0.458984 0.018750 0.031250
0 0.376563 0.458008 0.012500 0.048828
0 0.675781 0.468750 0.014063 0.046875
0 0.671094 0.461914 0.010937 0.048828
2 0.612500 0.479492 0.021875 0.052734
2 0.987500 0.500977 0.021875 0.056641