2 0.478906 0.462891 0.101562 0.066406
0 0.960156 0.512695 0.057813 0.244141
0 0.872656 0.503906 0.076563 0.265625
0 0.807031 0.489258 0.045312 0.177734
0 0.753906 0.492188 0.060937 0.167969
0 0.035937 0.500000 0.031250 0.082031
0 0.014063 0.502930 0.025000 0.095703
0 0.617969 0.461914 0.029687 0.076172
0 0.596875 0.465820 0.028125 0.080078
0 0.550781 0.458008 0.010937 0.048828
0 0.642969 0.452148 0.023438 0.056641
0 0.668750 0.438477 0.021875 0.044922
0 0.164062 0.480469 0.018750 0.042969
0 0.128906 0.487305 0.020313 0.033203
0 0.111719 0.494141 0.020313 0.050781