0 0.897656 0.457031 0.045312 0.125000
0 0.850000 0.416992 0.025000 0.052734
0 0.863281 0.462891 0.026562 0.113281
0 0.817969 0.458008 0.045312 0.115234
0 0.121875 0.441406 0.025000 0.082031
0 0.087500 0.441406 0.025000 0.078125
2 0.607031 0.465820 0.070312 0.080078
2 0.455469 0.449219 0.057813 0.062500
2 0.278125 0.443359 0.062500 0.066406
2 0.237500 0.433594 0.046875 0.082031
2 0.185938 0.436523 0.090625 0.083984
2 0.363281 0.548828 0.279687 0.164062
2 0.723437 0.430664 0.050000 0.056641
2 0.684375 0.446289 0.084375 0.044922