0 0.041406 0.503906 0.032813 0.085938
0 0.026562 0.500000 0.021875 0.085938
2 0.435156 0.503906 0.160938 0.109375
0 0.745313 0.472656 0.043750 0.140625
0 0.707031 0.476562 0.035937 0.132812
0 0.610156 0.462891 0.020313 0.062500
2 0.808594 0.465820 0.054688 0.076172
2 0.923438 0.452148 0.146875 0.146484
2 0.951562 0.488281 0.093750 0.128906
0 0.627344 0.450195 0.020313 0.052734
2 0.642188 0.448242 0.025000 0.029297
0 0.125781 0.486328 0.026562 0.035156
0 0.572656 0.460938 0.020313 0.046875
0 0.548438 0.459961 0.015625 0.048828