0 0.979688 0.469727 0.034375 0.076172
0 0.921094 0.465820 0.035937 0.076172
0 0.886719 0.471680 0.035937 0.068359
0 0.421875 0.459961 0.018750 0.044922
0 0.404687 0.458984 0.018750 0.050781
0 0.517969 0.464844 0.023438 0.042969
0 0.114062 0.465820 0.040625 0.126953
0 0.070312 0.467773 0.040625 0.119141
0 0.476562 0.460938 0.018750 0.039062
0 0.391406 0.455078 0.020313 0.042969
0 0.632031 0.462891 0.020313 0.058594
0 0.737500 0.473633 0.018750 0.041016
1 0.752344 0.551758 0.042188 0.134766
1 0.798438 0.565430 0.031250 0.099609
1 0.873437 0.630859 0.037500 0.105469
0 0.716406 0.467773 0.020313 0.041016
0 0.607031 0.462891 0.020313 0.058594
2 0.534375 0.458008 0.025000 0.029297