2 0.885938 0.514648 0.225000 0.134766
2 0.683594 0.457031 0.057813 0.054688
2 0.180469 0.527344 0.154688 0.136719
2 0.265625 0.508789 0.053125 0.083984
2 0.289844 0.490234 0.054688 0.097656
0 0.508594 0.449219 0.020313 0.046875
0 0.539062 0.445312 0.018750 0.042969
0 0.371094 0.459961 0.023438 0.052734
2 0.786719 0.462891 0.126562 0.070312
2 0.698438 0.432617 0.106250 0.072266
2 0.932813 0.430664 0.075000 0.056641
2 0.968750 0.457031 0.059375 0.058594
2 0.630469 0.445312 0.026562 0.035156
2 0.387500 0.451172 0.021875 0.039062
2 0.326562 0.476562 0.025000 0.066406
2 0.345313 0.476562 0.028125 0.042969
2 0.403125 0.454102 0.021875 0.037109
0 0.560156 0.445312 0.017188 0.042969