0 0.931250 0.560547 0.062500 0.382812
2 0.882812 0.571289 0.034375 0.134766
2 0.848437 0.519531 0.109375 0.175781
2 0.778125 0.477539 0.287500 0.205078
2 0.639844 0.489258 0.023438 0.115234
2 0.585156 0.486328 0.092188 0.109375
2 0.539844 0.484375 0.129688 0.078125
2 0.450781 0.477539 0.085938 0.068359
0 0.398438 0.472656 0.021875 0.054688
2 0.368750 0.467773 0.031250 0.064453
2 0.339844 0.473633 0.026562 0.033203
2 0.311719 0.470703 0.029687 0.035156
2 0.283594 0.465820 0.026562 0.033203
2 0.245312 0.481445 0.062500 0.072266
2 0.168750 0.486328 0.131250 0.125000
2 0.125781 0.505859 0.082812 0.148438