2 0.068750 0.500000 0.134375 0.117188
2 0.278906 0.500000 0.117188 0.085938
2 0.347656 0.489258 0.048438 0.064453
2 0.579688 0.464844 0.043750 0.046875
2 0.642969 0.493164 0.073438 0.076172
2 0.646094 0.505859 0.057813 0.085938
2 0.664844 0.529297 0.073438 0.117188
2 0.760156 0.540039 0.185938 0.212891
2 0.420312 0.470703 0.040625 0.046875
2 0.445312 0.466797 0.028125 0.035156
0 0.474219 0.461914 0.010937 0.041016
0 0.548438 0.465820 0.015625 0.041016
0 0.536719 0.464844 0.010937 0.039062
2 0.125781 0.507812 0.057813 0.070312
2 0.388281 0.458984 0.026562 0.039062
2 0.374219 0.464844 0.020313 0.035156