2 0.121094 0.502930 0.110937 0.087891
2 0.185938 0.484375 0.078125 0.082031
2 0.933594 0.466797 0.129688 0.183594
2 0.234375 0.476562 0.065625 0.078125
2 0.668750 0.500000 0.153125 0.117188
2 0.570312 0.489258 0.046875 0.087891
2 0.539844 0.483398 0.020313 0.076172
2 0.519531 0.473633 0.020313 0.072266
2 0.502344 0.465820 0.017188 0.052734
2 0.275000 0.481445 0.018750 0.048828
2 0.295312 0.478516 0.028125 0.035156
2 0.320312 0.473633 0.025000 0.029297
2 0.481250 0.463867 0.028125 0.041016
2 0.434375 0.461914 0.025000 0.029297
2 0.372656 0.463867 0.026562 0.029297