0 0.788281 0.486328 0.045312 0.148438
0 0.750000 0.483398 0.043750 0.162109
0 0.714063 0.473633 0.043750 0.119141
0 0.675000 0.481445 0.031250 0.107422
0 0.605469 0.462891 0.020313 0.058594
0 0.585938 0.465820 0.021875 0.064453
2 0.820312 0.458008 0.046875 0.072266
2 0.450000 0.460938 0.034375 0.042969
2 0.394531 0.481445 0.070312 0.068359
2 0.925000 0.447266 0.137500 0.140625
2 0.950781 0.486328 0.095312 0.128906
0 0.168750 0.480469 0.018750 0.046875
0 0.128125 0.490234 0.021875 0.031250
0 0.112500 0.491211 0.018750 0.056641
0 0.559375 0.458984 0.015625 0.050781
0 0.551562 0.458984 0.018750 0.050781