2 0.925781 0.505859 0.145313 0.226562
0 0.790625 0.505859 0.046875 0.203125
2 0.715625 0.474609 0.034375 0.027344
2 0.682813 0.472656 0.028125 0.031250
2 0.649219 0.468750 0.035937 0.027344
2 0.599219 0.470703 0.051562 0.027344
2 0.428125 0.469727 0.028125 0.029297
2 0.371875 0.490234 0.075000 0.082031
2 0.301563 0.463867 0.025000 0.033203
0 0.278125 0.474609 0.021875 0.074219
2 0.230469 0.453125 0.029687 0.023438
2 0.193750 0.452148 0.021875 0.025391
2 0.171875 0.470703 0.034375 0.027344
2 0.157812 0.447266 0.031250 0.027344
2 0.092969 0.445312 0.026562 0.023438
0 0.117188 0.497070 0.021875 0.119141
0 0.064062 0.479492 0.028125 0.134766