2 0.957812 0.521484 0.078125 0.273438
2 0.873437 0.521484 0.162500 0.179688
2 0.798438 0.507812 0.150000 0.136719
2 0.647656 0.493164 0.079687 0.134766
2 0.551562 0.489258 0.040625 0.083984
2 0.543750 0.459961 0.203125 0.138672
0 0.689844 0.457031 0.048438 0.097656
0 0.588281 0.457031 0.051562 0.093750
2 0.078906 0.404297 0.151562 0.089844
2 0.104688 0.485352 0.103125 0.091797
2 0.070312 0.493164 0.137500 0.115234
2 0.042188 0.534180 0.081250 0.130859
2 0.427344 0.473633 0.067187 0.056641
2 0.360156 0.469727 0.057813 0.052734
2 0.375000 0.479492 0.034375 0.041016
2 0.320312 0.471680 0.031250 0.037109