0 0.294531 0.503906 0.051562 0.199219
0 0.436719 0.472656 0.023438 0.074219
0 0.459375 0.472656 0.028125 0.066406
0 0.659375 0.469727 0.037500 0.134766
0 0.689844 0.474609 0.035937 0.128906
0 0.955469 0.501953 0.082812 0.296875
2 0.807813 0.465820 0.062500 0.072266
2 0.892969 0.454102 0.079687 0.126953
0 0.169531 0.480469 0.020313 0.042969
0 0.112500 0.492188 0.025000 0.054688
0 0.356250 0.467773 0.012500 0.029297
0 0.380469 0.459961 0.010937 0.029297
0 0.553125 0.459961 0.021875 0.044922
0 0.576562 0.454102 0.015625 0.052734
0 0.586719 0.457031 0.010937 0.050781
0 0.599219 0.454102 0.017188 0.060547
2 0.730469 0.457031 0.032813 0.058594