2 0.313281 0.491211 0.085938 0.076172
2 0.370312 0.473633 0.050000 0.060547
2 0.414062 0.467773 0.062500 0.060547
2 0.037500 0.477539 0.075000 0.146484
2 0.615625 0.489258 0.065625 0.064453
2 0.681250 0.523438 0.103125 0.109375
2 0.739844 0.557617 0.154688 0.166016
2 0.860156 0.616211 0.270313 0.251953
2 0.946875 0.750977 0.090625 0.310547
2 0.932031 0.476562 0.117188 0.042969
2 0.862500 0.460938 0.121875 0.058594
2 0.584375 0.478516 0.040625 0.050781
2 0.571875 0.464844 0.037500 0.039062
2 0.482031 0.456055 0.026562 0.025391
2 0.640625 0.453125 0.037500 0.031250