0 0.100000 0.527344 0.081250 0.304688
0 0.512500 0.451172 0.015625 0.023438
0 0.640625 0.472656 0.015625 0.046875
1 0.839844 0.509766 0.014063 0.050781
1 0.878906 0.515625 0.014063 0.054688
2 0.958594 0.517578 0.079687 0.074219
2 0.922656 0.508789 0.048438 0.048828
2 0.897656 0.507812 0.029687 0.042969
2 0.814844 0.490234 0.035937 0.039062
0 0.882812 0.471680 0.025000 0.064453
0 0.843750 0.474609 0.025000 0.054688
0 0.762500 0.463867 0.018750 0.037109
1 0.764062 0.491211 0.009375 0.025391
0 0.659375 0.472656 0.009375 0.031250