2 0.292969 0.482422 0.092188 0.082031
2 0.121094 0.494141 0.110937 0.089844
2 0.189062 0.487305 0.065625 0.072266
2 0.225000 0.477539 0.062500 0.068359
2 0.590625 0.474609 0.128125 0.117188
2 0.517969 0.464844 0.060937 0.070312
2 0.074219 0.455078 0.045312 0.035156
2 0.482031 0.466797 0.020313 0.035156
2 0.465625 0.462891 0.021875 0.031250
2 0.449219 0.458984 0.020313 0.023438
2 0.431250 0.458984 0.018750 0.023438
2 0.389062 0.458984 0.018750 0.023438
2 0.375000 0.458984 0.018750 0.023438
2 0.357812 0.463867 0.018750 0.029297
2 0.340625 0.468750 0.015625 0.027344
2 0.021875 0.472656 0.028125 0.031250