0 0.954688 0.505859 0.081250 0.179688
0 0.796094 0.491211 0.057813 0.130859
1 0.947656 0.595703 0.060937 0.093750
1 0.795312 0.557617 0.050000 0.072266
1 0.754687 0.531250 0.050000 0.062500
0 0.751563 0.472656 0.037500 0.109375
0 0.608594 0.453125 0.023438 0.082031
0 0.641406 0.469727 0.029687 0.072266
2 0.360938 0.448242 0.028125 0.041016
2 0.328906 0.451172 0.048438 0.054688
2 0.270313 0.467773 0.090625 0.087891
1 0.643750 0.496094 0.034375 0.054688
1 0.610938 0.490234 0.031250 0.046875
2 0.587500 0.464844 0.021875 0.054688
0 0.563281 0.459961 0.023438 0.056641
1 0.561719 0.488281 0.026562 0.031250
1 0.184375 0.482422 0.037500 0.054688