2 0.539062 0.501953 0.103125 0.105469
2 0.416406 0.488281 0.020313 0.023438
0 0.317969 0.484375 0.010937 0.031250
0 0.307812 0.485352 0.009375 0.029297
0 0.296875 0.486328 0.012500 0.027344
0 0.285938 0.485352 0.009375 0.029297
0 0.275781 0.484375 0.010937 0.031250
0 0.264844 0.484375 0.010937 0.035156
0 0.253125 0.483398 0.012500 0.037109
0 0.239063 0.485352 0.012500 0.037109
0 0.228906 0.484375 0.010937 0.031250
0 0.214062 0.484375 0.009375 0.035156
0 0.199219 0.485352 0.010937 0.044922
0 0.189062 0.487305 0.012500 0.044922
0 0.175000 0.486328 0.012500 0.046875
0 0.164844 0.489258 0.007812 0.048828
0 0.160938 0.486328 0.015625 0.046875
0 0.148438 0.487305 0.012500 0.048828
0 0.135156 0.486328 0.014063 0.058594
0 0.104688 0.496094 0.018750 0.058594
0 0.081250 0.493164 0.018750 0.060547
0 0.064062 0.497070 0.018750 0.056641
0 0.011719 0.496094 0.020313 0.070312