2 0.520312 0.504883 0.125000 0.119141
2 0.295312 0.474609 0.053125 0.054688
1 0.977344 0.521484 0.042188 0.144531
1 0.809375 0.495117 0.050000 0.103516
1 0.359375 0.494141 0.050000 0.027344
0 0.408594 0.480469 0.023438 0.105469
0 0.623437 0.470703 0.034375 0.066406
0 0.600000 0.460938 0.015625 0.046875
0 0.254688 0.476562 0.025000 0.058594
1 0.761719 0.498047 0.035937 0.089844
0 0.394531 0.478516 0.020313 0.082031
2 0.375781 0.460938 0.020313 0.035156
0 0.360938 0.460938 0.018750 0.035156
0 0.342969 0.458984 0.020313 0.035156
0 0.688281 0.451172 0.017188 0.054688