2 0.060937 0.598633 0.118750 0.271484
2 0.160156 0.541016 0.132812 0.156250
2 0.240625 0.523438 0.071875 0.121094
0 0.149219 0.582031 0.045312 0.191406
0 0.295312 0.506836 0.053125 0.126953
1 0.298438 0.558594 0.037500 0.093750
1 0.435937 0.651367 0.031250 0.138672
0 0.428906 0.578125 0.073438 0.250000
0 0.609375 0.593750 0.087500 0.234375
2 0.875781 0.764648 0.242188 0.373047
2 0.788281 0.608398 0.242188 0.228516
2 0.710156 0.541016 0.132812 0.144531
2 0.347656 0.482422 0.048438 0.058594
2 0.142187 0.456055 0.053125 0.037109
2 0.385156 0.465820 0.042188 0.052734
2 0.592969 0.488281 0.060937 0.066406
2 0.574219 0.470703 0.057813 0.074219
2 0.542188 0.456055 0.034375 0.044922
2 0.653125 0.459961 0.106250 0.044922
2 0.764062 0.450195 0.093750 0.064453
2 0.787500 0.457031 0.087500 0.046875