2 0.856250 0.608398 0.225000 0.185547
2 0.763281 0.555664 0.123438 0.107422
2 0.696875 0.513672 0.103125 0.105469
2 0.507031 0.458984 0.023438 0.031250
2 0.563281 0.463867 0.029687 0.029297
2 0.635938 0.498047 0.043750 0.062500
2 0.618750 0.493164 0.034375 0.056641
2 0.607031 0.482422 0.026562 0.046875
2 0.600781 0.476562 0.045312 0.058594
2 0.528906 0.456055 0.026562 0.025391
0 0.348438 0.458984 0.012500 0.042969
0 0.415625 0.455078 0.012500 0.035156
0 0.360156 0.461914 0.010937 0.041016
0 0.368750 0.460938 0.012500 0.042969