0 0.113281 0.485352 0.026562 0.060547
0 0.516406 0.458008 0.020313 0.056641
2 0.079687 0.631836 0.156250 0.232422
2 0.174219 0.560547 0.145313 0.113281
2 0.255469 0.508789 0.117188 0.103516
2 0.317188 0.499023 0.053125 0.068359
2 0.389844 0.460938 0.054688 0.062500
2 0.921875 0.812500 0.153125 0.359375
2 0.769531 0.574219 0.214062 0.210938
2 0.664844 0.530273 0.085938 0.115234
2 0.640625 0.511719 0.068750 0.089844
2 0.627344 0.489258 0.079687 0.095703
2 0.337500 0.492188 0.040625 0.062500
2 0.425781 0.453125 0.026562 0.035156
2 0.568750 0.464844 0.059375 0.062500
2 0.585156 0.486328 0.029687 0.085938