0 0.985938 0.449219 0.025000 0.160156
0 0.957031 0.452148 0.023438 0.162109
0 0.931250 0.436523 0.025000 0.146484
0 0.879687 0.424805 0.031250 0.146484
0 0.854688 0.417969 0.025000 0.109375
0 0.813281 0.422852 0.023438 0.115234
0 0.784375 0.416992 0.021875 0.095703
0 0.761719 0.458984 0.029687 0.121094
0 0.740625 0.380859 0.021875 0.039062
0 0.738281 0.431641 0.023438 0.058594
0 0.698438 0.406250 0.021875 0.101562
0 0.661719 0.379883 0.020313 0.052734
0 0.642969 0.375977 0.017188 0.048828
0 0.618750 0.391602 0.021875 0.060547
0 0.600000 0.389648 0.018750 0.056641
0 0.581250 0.380859 0.018750 0.035156
2 0.548438 0.440430 0.087500 0.099609
2 0.525000 0.404297 0.065625 0.066406
2 0.493750 0.392578 0.034375 0.050781
2 0.446094 0.368164 0.045312 0.025391
2 0.432812 0.415039 0.059375 0.064453
2 0.404687 0.383789 0.028125 0.037109
2 0.388281 0.396484 0.023438 0.042969
2 0.357812 0.406250 0.040625 0.070312
2 0.293750 0.422852 0.103125 0.103516
0 0.212500 0.425781 0.028125 0.089844
2 0.186719 0.436523 0.026562 0.087891
0 0.075000 0.419922 0.025000 0.089844
0 0.039062 0.416016 0.018750 0.078125
2 0.032031 0.507812 0.064062 0.121094