2 0.903125 0.628906 0.190625 0.480469
2 0.369531 0.463867 0.073438 0.068359
2 0.463281 0.474609 0.089063 0.066406
2 0.482031 0.451172 0.057813 0.062500
0 0.167187 0.496094 0.090625 0.210938
1 0.539844 0.500977 0.092188 0.056641
1 0.643750 0.475586 0.012500 0.037109
1 0.603906 0.475586 0.017188 0.044922
0 0.126562 0.470703 0.034375 0.117188
0 0.226562 0.462891 0.028125 0.074219
0 0.239844 0.454102 0.017188 0.080078
0 0.851562 0.450195 0.025000 0.072266
0 0.891406 0.427734 0.023438 0.074219
0 0.764062 0.434570 0.018750 0.037109
0 0.710156 0.454102 0.017188 0.041016
0 0.647656 0.437500 0.020313 0.039062
0 0.603125 0.436523 0.021875 0.041016
0 0.545312 0.441406 0.050000 0.062500
2 0.411719 0.462891 0.017188 0.054688
0 0.310937 0.446289 0.018750 0.037109
0 0.203906 0.431641 0.014063 0.039062