0 0.731250 0.524414 0.078125 0.166016
0 0.682031 0.510742 0.060937 0.197266
0 0.513281 0.500977 0.035937 0.177734
0 0.486719 0.501953 0.045312 0.171875
0 0.417969 0.474609 0.054688 0.148438
0 0.389062 0.434570 0.025000 0.099609
0 0.363281 0.458008 0.048438 0.158203
0 0.331250 0.451172 0.028125 0.132812
0 0.283594 0.472656 0.042188 0.128906
0 0.230469 0.449219 0.042188 0.125000
2 0.183594 0.435547 0.070312 0.070312
2 0.626563 0.467773 0.109375 0.083984
2 0.460938 0.446289 0.053125 0.064453
2 0.905469 0.450195 0.129688 0.033203
2 0.842187 0.428711 0.093750 0.037109
0 0.310156 0.468750 0.020313 0.140625
0 0.254688 0.447266 0.025000 0.136719