0 0.717187 0.473633 0.025000 0.072266
0 0.363281 0.487305 0.020313 0.083984
0 0.382812 0.485352 0.025000 0.083984
0 0.112500 0.482422 0.018750 0.070312
0 0.097656 0.485352 0.014063 0.068359
0 0.017188 0.482422 0.028125 0.070312
2 0.689063 0.451172 0.037500 0.039062
2 0.600781 0.456055 0.051562 0.041016
2 0.550781 0.455078 0.035937 0.035156
2 0.523438 0.458008 0.031250 0.041016
2 0.492188 0.457031 0.034375 0.035156
2 0.450000 0.458008 0.040625 0.033203
2 0.417187 0.458008 0.031250 0.033203
2 0.342969 0.450195 0.023438 0.021484
2 0.314844 0.449219 0.032813 0.023438
2 0.276562 0.451172 0.034375 0.023438