2 0.925781 0.651367 0.145313 0.365234
2 0.778906 0.531250 0.182812 0.171875
2 0.708594 0.504883 0.129688 0.126953
2 0.555469 0.455078 0.032813 0.027344
2 0.400000 0.453125 0.068750 0.039062
2 0.364063 0.478516 0.043750 0.074219
2 0.344531 0.497070 0.032813 0.087891
0 0.632812 0.504883 0.046875 0.162109
0 0.317969 0.497070 0.032813 0.130859
0 0.294531 0.487305 0.032813 0.138672
0 0.271094 0.497070 0.026562 0.123047
0 0.472656 0.453125 0.014063 0.031250
2 0.453906 0.450195 0.029687 0.029297
2 0.591406 0.459961 0.026562 0.033203
2 0.514062 0.451172 0.015625 0.019531