2 0.340625 0.592773 0.546875 0.263672
2 0.553906 0.474609 0.082812 0.062500
2 0.810156 0.462891 0.054688 0.074219
2 0.887500 0.459961 0.068750 0.123047
0 0.931250 0.541016 0.109375 0.359375
0 0.726562 0.440430 0.021875 0.037109
0 0.712500 0.491211 0.050000 0.146484
0 0.751563 0.477539 0.046875 0.169922
0 0.652344 0.459961 0.023438 0.091797
0 0.621094 0.461914 0.023438 0.087891
0 0.600000 0.458008 0.021875 0.087891
2 0.456250 0.460938 0.034375 0.027344
0 0.127344 0.489258 0.020313 0.037109
0 0.114844 0.499023 0.023438 0.052734
2 0.975000 0.400391 0.046875 0.050781
0 0.182031 0.483398 0.014063 0.044922
0 0.197656 0.477539 0.014063 0.037109