0 0.911719 0.472656 0.029687 0.058594
0 0.870313 0.481445 0.031250 0.064453
0 0.775000 0.493164 0.075000 0.236328
1 0.769531 0.615234 0.060937 0.136719
2 0.671875 0.456055 0.090625 0.076172
0 0.579688 0.471680 0.021875 0.083984
0 0.553125 0.478516 0.025000 0.101562
0 0.517969 0.457031 0.020313 0.046875
0 0.485156 0.464844 0.023438 0.074219
2 0.453906 0.457031 0.023438 0.031250
2 0.398438 0.457031 0.034375 0.035156
2 0.315625 0.484375 0.121875 0.101562
2 0.071875 0.472656 0.093750 0.097656
0 0.959375 0.467773 0.031250 0.060547