2 0.943750 0.461914 0.109375 0.087891
2 0.896875 0.463867 0.146875 0.091797
2 0.813281 0.466797 0.148438 0.097656
2 0.737500 0.463867 0.090625 0.068359
0 0.584375 0.466797 0.018750 0.035156
0 0.571875 0.460938 0.018750 0.046875
0 0.554688 0.465820 0.012500 0.041016
2 0.526563 0.453125 0.037500 0.039062
2 0.403906 0.427734 0.017188 0.023438
2 0.404687 0.445312 0.018750 0.027344
2 0.382031 0.445312 0.029687 0.031250
2 0.364844 0.458984 0.048438 0.050781
2 0.321875 0.458984 0.034375 0.039062
2 0.292187 0.461914 0.028125 0.044922
2 0.272656 0.464844 0.026562 0.046875
2 0.238281 0.466797 0.057813 0.070312
2 0.177344 0.467773 0.079687 0.083984
2 0.115625 0.459961 0.068750 0.052734