2 0.498437 0.514648 0.137500 0.130859
2 0.800000 0.465820 0.043750 0.064453
2 0.959375 0.416016 0.078125 0.078125
2 0.962500 0.492188 0.071875 0.121094
0 0.628125 0.466797 0.028125 0.085938
0 0.843750 0.496094 0.046875 0.203125
0 0.914062 0.482422 0.068750 0.199219
2 0.319531 0.478516 0.051562 0.035156
2 0.278125 0.478516 0.025000 0.035156
2 0.726562 0.460938 0.034375 0.070312
2 0.642188 0.449219 0.028125 0.035156
0 0.601562 0.460938 0.018750 0.054688
0 0.584375 0.459961 0.021875 0.056641
0 0.127344 0.486328 0.023438 0.035156
2 0.451562 0.462891 0.031250 0.031250