2 0.027344 0.600586 0.054688 0.162109
2 0.118750 0.588867 0.187500 0.158203
2 0.229687 0.553711 0.131250 0.123047
2 0.342969 0.543945 0.092188 0.068359
2 0.385156 0.535156 0.039062 0.050781
2 0.557813 0.526367 0.040625 0.037109
2 0.609375 0.535156 0.043750 0.046875
0 0.679688 0.536133 0.028125 0.068359
0 0.503906 0.523438 0.020313 0.039062
2 0.417187 0.530273 0.037500 0.041016
2 0.440625 0.529297 0.025000 0.039062
2 0.457813 0.527344 0.028125 0.031250
2 0.474219 0.520508 0.032813 0.037109
2 0.924219 0.821289 0.145313 0.353516
2 0.850781 0.681641 0.295312 0.308594
2 0.707812 0.537109 0.031250 0.042969