2 0.809375 0.458984 0.062500 0.074219
2 0.830469 0.473633 0.026562 0.064453
2 0.925000 0.447266 0.146875 0.140625
2 0.949219 0.493164 0.095312 0.115234
0 0.710938 0.468750 0.034375 0.132812
0 0.632031 0.465820 0.023438 0.087891
0 0.614062 0.461914 0.021875 0.091797
0 0.439063 0.465820 0.018750 0.064453
0 0.171094 0.489258 0.029687 0.072266
0 0.146875 0.496094 0.018750 0.062500
0 0.476562 0.458008 0.012500 0.041016
0 0.465625 0.457031 0.012500 0.046875
0 0.364844 0.457031 0.010937 0.027344
0 0.359375 0.458984 0.009375 0.027344
0 0.126562 0.485352 0.021875 0.033203