2 0.901563 0.558594 0.193750 0.320312
2 0.734375 0.468750 0.081250 0.066406
2 0.600000 0.518555 0.143750 0.130859
2 0.535937 0.488281 0.112500 0.117188
2 0.470313 0.485352 0.025000 0.083984
2 0.442969 0.477539 0.032813 0.068359
2 0.212500 0.482422 0.025000 0.054688
2 0.423438 0.472656 0.025000 0.054688
2 0.407031 0.475586 0.020313 0.037109
2 0.271094 0.471680 0.023438 0.033203
2 0.256250 0.475586 0.021875 0.041016
2 0.235156 0.478516 0.023438 0.042969
2 0.182031 0.489258 0.045312 0.072266
2 0.138281 0.499023 0.079687 0.072266
2 0.389062 0.464844 0.018750 0.031250