2 0.932031 0.566406 0.132812 0.277344
2 0.808594 0.536133 0.117188 0.197266
2 0.784375 0.501953 0.156250 0.191406
0 0.675000 0.513672 0.075000 0.273438
2 0.625781 0.496094 0.064062 0.171875
0 0.555469 0.494141 0.026562 0.140625
0 0.530469 0.498047 0.026562 0.132812
2 0.504687 0.484375 0.031250 0.097656
2 0.378125 0.497070 0.221875 0.291016
2 0.224219 0.491211 0.085938 0.087891
2 0.144531 0.498047 0.157812 0.121094
2 0.092969 0.512695 0.120313 0.138672
2 0.210156 0.452148 0.148438 0.080078
2 0.201563 0.499023 0.071875 0.091797
2 0.062500 0.525391 0.121875 0.167969