0 0.556250 0.484375 0.021875 0.085938
0 0.535156 0.471680 0.023438 0.064453
2 0.905469 0.544922 0.157812 0.140625
2 0.742969 0.494141 0.076563 0.070312
2 0.508594 0.455078 0.042188 0.039062
2 0.362500 0.472656 0.037500 0.054688
2 0.269531 0.507812 0.076563 0.074219
2 0.202344 0.537109 0.129688 0.113281
0 0.457031 0.442383 0.014063 0.029297
0 0.447656 0.443359 0.014063 0.039062
0 0.423438 0.459961 0.015625 0.048828
1 0.423438 0.471680 0.012500 0.025391
2 0.310937 0.492188 0.043750 0.062500
2 0.331250 0.486328 0.031250 0.050781
2 0.392969 0.453125 0.029687 0.042969
2 0.668750 0.471680 0.056250 0.056641
2 0.728125 0.466797 0.093750 0.070312