0 0.959375 0.439453 0.050000 0.148438
0 0.800781 0.432617 0.023438 0.095703
0 0.786719 0.432617 0.020313 0.107422
0 0.761719 0.445312 0.023438 0.117188
0 0.742188 0.441406 0.018750 0.093750
0 0.730469 0.442383 0.020313 0.076172
0 0.714063 0.443359 0.021875 0.078125
0 0.701562 0.442383 0.018750 0.072266
0 0.686719 0.439453 0.020313 0.082031
0 0.674219 0.443359 0.020313 0.074219
0 0.657813 0.441406 0.018750 0.074219
0 0.642188 0.444336 0.018750 0.060547
0 0.624219 0.442383 0.023438 0.056641
0 0.559375 0.457031 0.021875 0.066406
2 0.471875 0.477539 0.034375 0.025391
0 0.521875 0.468750 0.018750 0.039062
0 0.231250 0.483398 0.018750 0.044922
0 0.188281 0.475586 0.020313 0.060547
0 0.170313 0.474609 0.021875 0.062500
0 0.125000 0.473633 0.021875 0.072266
0 0.102344 0.473633 0.023438 0.072266