0 0.702344 0.524414 0.035937 0.130859
0 0.686719 0.542969 0.048438 0.148438
0 0.651563 0.537109 0.046875 0.156250
2 0.839063 0.607422 0.221875 0.175781
2 0.759375 0.532227 0.106250 0.123047
2 0.605469 0.464844 0.045312 0.042969
2 0.546094 0.457031 0.032813 0.035156
2 0.453906 0.464844 0.032813 0.050781
2 0.421875 0.474609 0.050000 0.058594
2 0.360156 0.488281 0.076563 0.085938
2 0.300781 0.459961 0.051562 0.037109
2 0.264844 0.451172 0.067187 0.039062
2 0.207031 0.474609 0.129688 0.054688
2 0.322656 0.521484 0.082812 0.097656
2 0.268750 0.548828 0.112500 0.125000
2 0.171094 0.590820 0.176563 0.177734
2 0.080469 0.678711 0.160938 0.287109
2 0.043750 0.458984 0.071875 0.046875
2 0.110156 0.458984 0.057813 0.050781