0 0.983594 0.499023 0.026562 0.162109
0 0.957031 0.495117 0.026562 0.166016
0 0.928906 0.500000 0.042188 0.175781
0 0.887500 0.485352 0.031250 0.126953
0 0.864062 0.489258 0.025000 0.123047
0 0.839844 0.489258 0.026562 0.119141
0 0.808594 0.488281 0.039062 0.113281
0 0.768750 0.494141 0.025000 0.097656
0 0.748437 0.491211 0.018750 0.083984
0 0.734375 0.490234 0.018750 0.074219
0 0.716406 0.494141 0.023438 0.074219
0 0.655469 0.507812 0.020313 0.039062
0 0.608594 0.503906 0.039062 0.105469
2 0.473438 0.537109 0.043750 0.031250
0 0.148438 0.521484 0.021875 0.074219
0 0.128125 0.520508 0.021875 0.068359
0 0.015625 0.518555 0.025000 0.091797