0 0.875781 0.512695 0.032813 0.138672
0 0.825781 0.523438 0.020313 0.035156
0 0.707812 0.450195 0.018750 0.037109
2 0.600781 0.449219 0.057813 0.046875
2 0.564844 0.435547 0.023438 0.039062
2 0.534375 0.425781 0.018750 0.035156
2 0.517188 0.427734 0.018750 0.027344
2 0.475000 0.431641 0.015625 0.015625
2 0.556250 0.423828 0.028125 0.050781
2 0.454688 0.428711 0.025000 0.029297
2 0.430469 0.428711 0.014063 0.025391
2 0.407031 0.427734 0.032813 0.039062
0 0.377344 0.443359 0.023438 0.089844
0 0.356250 0.454102 0.028125 0.091797
2 0.323437 0.451172 0.037500 0.082031
0 0.275000 0.473633 0.056250 0.185547
1 0.271875 0.527344 0.159375 0.125000