2 0.392969 0.488281 0.101562 0.093750
2 0.723437 0.428711 0.137500 0.099609
2 0.797656 0.450195 0.232813 0.119141
2 0.939844 0.420898 0.067187 0.083984
0 0.967969 0.525391 0.057813 0.320312
0 0.597656 0.461914 0.029687 0.130859
0 0.566406 0.478516 0.045312 0.152344
0 0.518750 0.487305 0.053125 0.158203
0 0.478906 0.453125 0.026562 0.062500
0 0.057031 0.482422 0.020313 0.027344
0 0.194531 0.459961 0.020313 0.037109
0 0.250781 0.456055 0.014063 0.029297
2 0.289062 0.452148 0.031250 0.025391
0 0.160938 0.457031 0.015625 0.027344