2 0.738281 0.529297 0.223438 0.199219
2 0.614062 0.500000 0.106250 0.121094
2 0.559375 0.490234 0.062500 0.082031
2 0.520312 0.473633 0.050000 0.048828
2 0.454688 0.468750 0.043750 0.042969
0 0.974219 0.485352 0.048438 0.162109
0 0.924219 0.499023 0.045312 0.134766
0 0.292969 0.460938 0.017188 0.050781
1 0.362500 0.490234 0.018750 0.031250
2 0.431250 0.460938 0.015625 0.023438
0 0.384375 0.464844 0.009375 0.035156
0 0.364063 0.455078 0.018750 0.042969
0 0.348438 0.456055 0.009375 0.041016
0 0.337500 0.455078 0.009375 0.035156
0 0.275000 0.465820 0.012500 0.052734
1 0.245312 0.483398 0.028125 0.060547
1 0.229687 0.472656 0.021875 0.046875
1 0.202344 0.475586 0.020313 0.052734
1 0.175000 0.473633 0.018750 0.041016
1 0.157812 0.495117 0.021875 0.068359
1 0.139063 0.490234 0.021875 0.082031
1 0.125000 0.486328 0.025000 0.085938
1 0.109375 0.492188 0.034375 0.078125
1 0.047656 0.497070 0.032813 0.103516