2 0.376563 0.468750 0.043750 0.050781
2 0.371094 0.485352 0.023438 0.041016
2 0.355469 0.492188 0.032813 0.066406
2 0.338281 0.500000 0.023438 0.066406
2 0.278125 0.502930 0.093750 0.095703
2 0.571094 0.487305 0.032813 0.076172
2 0.609375 0.484375 0.075000 0.105469
2 0.637500 0.529297 0.100000 0.097656
1 0.407031 0.545898 0.023438 0.056641
1 0.554688 0.477539 0.031250 0.056641
0 0.253906 0.463867 0.020313 0.037109
0 0.426563 0.459961 0.018750 0.033203
0 0.411719 0.500000 0.035937 0.109375
0 0.515625 0.508789 0.040625 0.123047