2 0.859375 0.625977 0.268750 0.302734
1 0.207813 0.544922 0.040625 0.105469
1 0.114062 0.483398 0.050000 0.087891
0 0.828906 0.461914 0.029687 0.037109
0 0.806250 0.466797 0.031250 0.046875
0 0.768750 0.483398 0.021875 0.072266
0 0.750781 0.469727 0.023438 0.076172
0 0.729688 0.467773 0.025000 0.041016
0 0.705469 0.469727 0.020313 0.052734
0 0.497656 0.460938 0.014063 0.042969
0 0.482812 0.468750 0.025000 0.074219
0 0.446875 0.470703 0.031250 0.066406
0 0.252344 0.447266 0.023438 0.058594
0 0.273438 0.450195 0.018750 0.044922
1 0.182812 0.484375 0.037500 0.078125
0 0.214062 0.503906 0.053125 0.160156
0 0.603125 0.462891 0.018750 0.042969