2 0.947656 0.566406 0.101562 0.148438
2 0.717187 0.488281 0.100000 0.078125
2 0.684375 0.483398 0.090625 0.083984
0 0.719531 0.514648 0.032813 0.119141
2 0.493750 0.468750 0.053125 0.050781
2 0.294531 0.491211 0.032813 0.056641
2 0.264844 0.498047 0.076563 0.070312
0 0.529687 0.459961 0.015625 0.044922
0 0.035937 0.517578 0.021875 0.089844
1 0.830469 0.537109 0.060937 0.070312
0 0.417969 0.453125 0.010937 0.027344
2 0.319531 0.479492 0.020313 0.041016
2 0.333594 0.478516 0.014063 0.035156
2 0.361719 0.458984 0.023438 0.031250