0 0.946875 0.518555 0.031250 0.154297
0 0.914062 0.509766 0.031250 0.164062
0 0.876563 0.509766 0.025000 0.105469
0 0.853906 0.514648 0.020313 0.099609
0 0.842187 0.527344 0.034375 0.136719
0 0.808594 0.518555 0.029687 0.107422
0 0.779687 0.521484 0.028125 0.109375
0 0.747656 0.512695 0.020313 0.080078
0 0.726562 0.516602 0.021875 0.087891
0 0.692187 0.498047 0.012500 0.070312
0 0.647656 0.487305 0.017188 0.060547
0 0.630469 0.495117 0.020313 0.076172
0 0.982812 0.514648 0.031250 0.166016
2 0.402344 0.452148 0.020313 0.029297
2 0.383594 0.458008 0.026562 0.033203
2 0.364063 0.482422 0.046875 0.058594
2 0.455469 0.456055 0.070312 0.025391
2 0.405469 0.533203 0.073438 0.121094
2 0.497656 0.549805 0.160938 0.166016
0 0.307031 0.493164 0.017188 0.060547
0 0.213281 0.482422 0.017188 0.054688
0 0.189062 0.484375 0.012500 0.050781
0 0.176563 0.489258 0.015625 0.060547
2 0.055469 0.512695 0.110937 0.083984
0 0.585938 0.469727 0.015625 0.044922
0 0.600000 0.477539 0.015625 0.056641
0 0.660156 0.488281 0.014063 0.058594
0 0.561719 0.458984 0.010937 0.031250
0 0.745313 0.457031 0.018750 0.035156
2 0.289062 0.491211 0.021875 0.052734
2 0.325781 0.484375 0.020313 0.050781
0 0.675000 0.468750 0.015625 0.042969
2 0.436719 0.432617 0.017188 0.021484