2 0.970313 0.602539 0.056250 0.150391
2 0.902344 0.545898 0.192188 0.224609
2 0.821094 0.503906 0.214062 0.171875
0 0.705469 0.542969 0.067187 0.250000
2 0.652344 0.511719 0.064062 0.179688
0 0.600000 0.525391 0.056250 0.199219
2 0.559375 0.521484 0.034375 0.082031
2 0.525781 0.512695 0.045312 0.083984
2 0.492188 0.496094 0.031250 0.054688
2 0.469531 0.483398 0.023438 0.037109
2 0.379688 0.520508 0.196875 0.248047
2 0.275781 0.483398 0.026562 0.037109
2 0.261719 0.521484 0.045312 0.093750
2 0.134375 0.502930 0.268750 0.173828
2 0.092188 0.535156 0.184375 0.160156
2 0.046875 0.580078 0.093750 0.160156