2 0.027344 0.647461 0.054688 0.169922
2 0.100781 0.584961 0.195312 0.154297
2 0.216406 0.520508 0.126562 0.134766
2 0.282031 0.500977 0.073438 0.091797
0 0.325000 0.500977 0.025000 0.083984
0 0.603906 0.557617 0.060937 0.220703
0 0.452344 0.550781 0.057813 0.207031
1 0.455469 0.617188 0.026562 0.101562
1 0.404687 0.490234 0.018750 0.035156
2 0.899219 0.748047 0.198437 0.460938
2 0.810156 0.614258 0.279687 0.259766
2 0.678125 0.557617 0.087500 0.138672
2 0.574219 0.474609 0.035937 0.050781
2 0.742188 0.455078 0.065625 0.042969
2 0.719531 0.451172 0.076563 0.050781
2 0.637500 0.449219 0.059375 0.031250
2 0.347656 0.498047 0.026562 0.062500
2 0.377344 0.471680 0.045312 0.044922
2 0.126562 0.479492 0.065625 0.052734
2 0.553125 0.468750 0.031250 0.046875
0 0.407031 0.469727 0.023438 0.068359