0 0.423438 0.486328 0.021875 0.070312
0 0.443750 0.482422 0.021875 0.066406
0 0.579688 0.495117 0.040625 0.123047
0 0.639062 0.507812 0.059375 0.187500
2 0.964063 0.495117 0.068750 0.095703
2 0.702344 0.528320 0.095312 0.115234
2 0.925000 0.739258 0.146875 0.384766
2 0.395313 0.495117 0.043750 0.064453
2 0.336719 0.499023 0.076563 0.091797
2 0.267188 0.512695 0.125000 0.099609
2 0.097656 0.526367 0.192188 0.208984
2 0.543750 0.478516 0.040625 0.039062
2 0.457031 0.471680 0.026562 0.037109
0 0.592187 0.494141 0.021875 0.097656