2 0.740625 0.557617 0.471875 0.232422
2 0.670312 0.443359 0.090625 0.062500
2 0.396094 0.451172 0.035937 0.058594
2 0.342187 0.457031 0.065625 0.082031
2 0.206250 0.471680 0.156250 0.130859
0 0.299219 0.462891 0.042188 0.132812
2 0.040625 0.434570 0.078125 0.099609
2 0.575000 0.448242 0.018750 0.041016
2 0.592187 0.450195 0.037500 0.056641
2 0.594531 0.461914 0.029687 0.052734
0 0.745313 0.437500 0.028125 0.023438
0 0.713281 0.434570 0.020313 0.021484
2 0.425781 0.449219 0.026562 0.042969
2 0.448437 0.446289 0.021875 0.037109
2 0.459375 0.436523 0.025000 0.037109
2 0.053125 0.415039 0.096875 0.095703