2 0.554688 0.495117 0.096875 0.091797
2 0.505469 0.482422 0.023438 0.066406
2 0.491406 0.477539 0.026562 0.064453
2 0.477344 0.473633 0.020313 0.056641
2 0.460938 0.468750 0.021875 0.031250
2 0.454688 0.458008 0.028125 0.033203
2 0.389062 0.463867 0.015625 0.017578
2 0.369531 0.466797 0.023438 0.027344
2 0.316406 0.464844 0.085938 0.109375
2 0.270313 0.483398 0.012500 0.041016
2 0.259375 0.450195 0.018750 0.033203
2 0.237500 0.450195 0.018750 0.033203
2 0.214844 0.446289 0.023438 0.037109
2 0.195312 0.445312 0.025000 0.042969
2 0.175781 0.447266 0.023438 0.042969
2 0.154688 0.448242 0.021875 0.044922
2 0.130469 0.439453 0.023438 0.042969
2 0.108594 0.438477 0.020313 0.041016
2 0.059375 0.442383 0.078125 0.052734
0 0.769531 0.465820 0.020313 0.076172
2 0.012500 0.442383 0.025000 0.041016