0 0.889062 0.475586 0.015625 0.083984
0 0.814844 0.487305 0.029687 0.115234
1 0.320312 0.515625 0.021875 0.042969
1 0.206250 0.519531 0.043750 0.046875
0 0.219531 0.458008 0.014063 0.041016
2 0.611719 0.596680 0.404687 0.357422
0 0.903125 0.473633 0.018750 0.087891
2 0.421875 0.464844 0.015625 0.023438
2 0.410938 0.469727 0.018750 0.025391
2 0.395313 0.474609 0.021875 0.031250
0 0.323437 0.474609 0.021875 0.042969
0 0.210938 0.468750 0.021875 0.046875
0 0.190625 0.468750 0.018750 0.058594
0 0.157812 0.468750 0.021875 0.062500
0 0.136719 0.471680 0.020313 0.064453
0 0.097656 0.452148 0.020313 0.041016
0 0.075000 0.454102 0.018750 0.033203