2 0.060937 0.642578 0.118750 0.242188
2 0.345313 0.483398 0.071875 0.091797
2 0.390625 0.470703 0.031250 0.058594
2 0.607031 0.494141 0.067187 0.066406
2 0.674219 0.532227 0.098437 0.095703
2 0.732031 0.565430 0.145313 0.130859
2 0.867188 0.625977 0.253125 0.212891
2 0.921875 0.768555 0.146875 0.333984
0 0.426563 0.453125 0.021875 0.046875
2 0.434375 0.444336 0.025000 0.037109
0 0.460938 0.446289 0.018750 0.041016
0 0.497656 0.447266 0.020313 0.046875
0 0.525000 0.448242 0.018750 0.033203
2 0.564844 0.457031 0.042188 0.054688