2 0.084375 0.586914 0.162500 0.248047
2 0.185938 0.531250 0.131250 0.136719
2 0.266406 0.496094 0.104688 0.113281
2 0.333594 0.496094 0.048438 0.082031
2 0.411719 0.456055 0.045312 0.044922
2 0.571875 0.458984 0.043750 0.050781
2 0.924219 0.461914 0.110937 0.056641
2 0.682031 0.550781 0.132812 0.128906
2 0.814844 0.583984 0.248438 0.222656
2 0.889844 0.761719 0.210938 0.386719
2 0.440625 0.450195 0.031250 0.033203
2 0.453125 0.442383 0.028125 0.041016
2 0.482812 0.439453 0.021875 0.031250
2 0.689844 0.441406 0.035937 0.050781
2 0.761719 0.444336 0.107813 0.076172