0 0.617188 0.583984 0.084375 0.257812
0 0.416406 0.590820 0.092188 0.263672
1 0.422656 0.692383 0.032813 0.150391
2 0.035937 0.595703 0.068750 0.207031
2 0.142187 0.573242 0.165625 0.162109
2 0.314844 0.497070 0.060937 0.064453
2 0.746094 0.594727 0.173437 0.177734
2 0.862500 0.677734 0.268750 0.304688
2 0.077344 0.478516 0.067187 0.078125
2 0.274219 0.480469 0.092188 0.062500
2 0.364063 0.480469 0.046875 0.066406
2 0.460156 0.450195 0.032813 0.037109
2 0.558594 0.461914 0.035937 0.041016
2 0.590625 0.489258 0.053125 0.068359
2 0.646875 0.505859 0.053125 0.078125
2 0.681250 0.461914 0.078125 0.033203
2 0.851562 0.471680 0.115625 0.064453
2 0.823438 0.461914 0.112500 0.060547
2 0.939063 0.851562 0.112500 0.289062