2 0.853125 0.593750 0.290625 0.289062
2 0.686719 0.503906 0.104688 0.101562
0 0.342969 0.471680 0.020313 0.076172
0 0.400781 0.464844 0.017188 0.054688
2 0.621875 0.467773 0.031250 0.044922
2 0.651563 0.476562 0.062500 0.070312
2 0.643750 0.494141 0.034375 0.074219
1 0.308594 0.497070 0.032813 0.060547
0 0.427344 0.462891 0.014063 0.042969
0 0.467969 0.459961 0.010937 0.037109
0 0.439063 0.461914 0.012500 0.044922
0 0.478906 0.458008 0.010937 0.037109
1 0.016406 0.557617 0.032813 0.083984
1 0.159375 0.508789 0.028125 0.056641
1 0.117969 0.534180 0.026562 0.056641
1 0.242969 0.517578 0.035937 0.046875