0 0.959375 0.484375 0.043750 0.140625
0 0.894531 0.495117 0.035937 0.134766
0 0.812500 0.480469 0.031250 0.105469
0 0.703125 0.476562 0.025000 0.062500
0 0.685937 0.469727 0.012500 0.048828
0 0.675000 0.465820 0.009375 0.056641
0 0.659375 0.477539 0.012500 0.041016
0 0.644531 0.475586 0.014063 0.060547
0 0.615625 0.474609 0.018750 0.062500
0 0.547656 0.479492 0.017188 0.044922
2 0.404687 0.485352 0.071875 0.083984
2 0.362500 0.476562 0.021875 0.031250
2 0.341406 0.478516 0.023438 0.031250
2 0.304688 0.486328 0.053125 0.054688
0 0.131250 0.493164 0.012500 0.056641
0 0.124219 0.495117 0.017188 0.052734