0 0.542188 0.457031 0.018750 0.058594
2 0.882812 0.693359 0.231250 0.371094
2 0.760938 0.591797 0.181250 0.187500
2 0.702344 0.539062 0.117188 0.105469
2 0.668750 0.506836 0.103125 0.119141
2 0.617188 0.491211 0.050000 0.099609
2 0.385937 0.460938 0.046875 0.070312
2 0.361719 0.477539 0.045312 0.060547
2 0.342187 0.488281 0.034375 0.066406
2 0.307812 0.500000 0.053125 0.074219
2 0.278125 0.509766 0.075000 0.097656
2 0.189062 0.529297 0.178125 0.144531
0 0.015625 0.495117 0.028125 0.083984
2 0.067969 0.627930 0.135937 0.220703
2 0.410938 0.458984 0.025000 0.039062
2 0.418750 0.448242 0.028125 0.037109
2 0.582031 0.469727 0.057813 0.068359
0 0.527344 0.457031 0.020313 0.054688