2 0.846875 0.625000 0.303125 0.304688
2 0.735938 0.541992 0.156250 0.162109
2 0.647656 0.505859 0.076563 0.082031
2 0.423438 0.462891 0.031250 0.042969
2 0.392188 0.472656 0.046875 0.070312
2 0.313281 0.515625 0.051562 0.101562
2 0.238281 0.523438 0.135937 0.164062
2 0.110937 0.594727 0.209375 0.220703
2 0.521875 0.452148 0.037500 0.037109
0 0.600781 0.485352 0.026562 0.095703
0 0.584375 0.492188 0.025000 0.089844
0 0.564844 0.486328 0.029687 0.097656
2 0.036719 0.460938 0.073438 0.054688
2 0.125781 0.455078 0.054688 0.042969
2 0.459375 0.451172 0.021875 0.031250