0 0.442969 0.459961 0.020313 0.041016
2 0.839063 0.630859 0.246875 0.226562
2 0.725000 0.549805 0.140625 0.146484
2 0.654687 0.518555 0.084375 0.115234
2 0.203906 0.483398 0.142187 0.072266
2 0.084375 0.479492 0.071875 0.068359
2 0.025781 0.509766 0.051562 0.082031
2 0.121875 0.464844 0.068750 0.046875
2 0.267969 0.467773 0.085938 0.052734
2 0.376563 0.457031 0.034375 0.050781
2 0.425000 0.457031 0.025000 0.031250
2 0.614062 0.483398 0.065625 0.076172
2 0.588281 0.472656 0.042188 0.062500
2 0.502344 0.441406 0.026562 0.027344