0 0.963281 0.646484 0.070312 0.371094
2 0.765625 0.531250 0.131250 0.113281
2 0.707812 0.508789 0.053125 0.076172
2 0.678906 0.494141 0.048438 0.058594
2 0.414062 0.474609 0.068750 0.078125
2 0.400000 0.494141 0.040625 0.078125
2 0.335156 0.508789 0.126562 0.103516
2 0.117188 0.555664 0.228125 0.287109
2 0.650000 0.485352 0.031250 0.044922
2 0.642188 0.481445 0.031250 0.041016
2 0.605469 0.471680 0.026562 0.029297
2 0.461719 0.469727 0.026562 0.041016
2 0.506250 0.459961 0.056250 0.041016
1 0.951562 0.704102 0.050000 0.259766