2 0.369531 0.587891 0.548438 0.257812
0 0.184375 0.487305 0.021875 0.056641
0 0.166406 0.492188 0.020313 0.066406
0 0.582812 0.465820 0.031250 0.076172
0 0.681250 0.487305 0.037500 0.119141
0 0.720313 0.474609 0.040625 0.144531
2 0.810156 0.451172 0.060937 0.101562
2 0.925000 0.451172 0.143750 0.144531
2 0.951562 0.489258 0.093750 0.119141
0 0.127344 0.488281 0.020313 0.035156
0 0.111719 0.497070 0.020313 0.052734
0 0.616406 0.462891 0.020313 0.078125
0 0.637500 0.458984 0.021875 0.082031
0 0.644531 0.446289 0.023438 0.056641