2 0.034375 0.621094 0.068750 0.238281
2 0.132031 0.573242 0.185938 0.220703
2 0.253906 0.532227 0.095312 0.107422
2 0.298438 0.503906 0.081250 0.085938
2 0.362500 0.485352 0.043750 0.052734
2 0.377344 0.481445 0.045312 0.056641
2 0.466406 0.462891 0.045312 0.054688
2 0.450000 0.480469 0.056250 0.046875
2 0.858594 0.732422 0.279687 0.527344
2 0.763281 0.581055 0.145313 0.193359
2 0.702344 0.560547 0.092188 0.132812
2 0.664844 0.521484 0.092188 0.093750
2 0.628125 0.510742 0.050000 0.083984
2 0.604688 0.500977 0.046875 0.068359
2 0.662500 0.442383 0.062500 0.029297
2 0.574219 0.474609 0.035937 0.054688
2 0.513281 0.448242 0.029687 0.033203
2 0.402344 0.474609 0.026562 0.042969
0 0.527344 0.467773 0.020313 0.052734
0 0.950000 0.429688 0.021875 0.039062
0 0.935937 0.429688 0.018750 0.035156