2 0.447656 0.463867 0.095312 0.060547
0 0.355469 0.473633 0.023438 0.076172
0 0.392188 0.473633 0.043750 0.083984
0 0.172656 0.459961 0.032813 0.083984
0 0.777344 0.489258 0.023438 0.091797
0 0.814844 0.461914 0.020313 0.072266
0 0.926562 0.504883 0.034375 0.138672
0 0.896875 0.503906 0.031250 0.136719
0 0.842969 0.479492 0.020313 0.072266
0 0.599219 0.460938 0.020313 0.042969
0 0.607812 0.460938 0.015625 0.042969
2 0.540625 0.458984 0.021875 0.023438
1 0.048438 0.504883 0.034375 0.068359
1 0.115625 0.520508 0.043750 0.060547
1 0.735938 0.558594 0.046875 0.078125
1 0.865625 0.583008 0.046875 0.068359
1 0.922656 0.608398 0.060937 0.099609