0 0.858594 0.486328 0.039062 0.167969
2 0.589063 0.473633 0.125000 0.115234
2 0.518750 0.463867 0.056250 0.068359
2 0.240625 0.491211 0.137500 0.099609
2 0.073438 0.457031 0.043750 0.039062
2 0.118750 0.496094 0.109375 0.089844
2 0.178906 0.469727 0.048438 0.041016
2 0.486719 0.468750 0.020313 0.039062
2 0.472656 0.463867 0.020313 0.037109
2 0.455469 0.458984 0.023438 0.031250
2 0.432812 0.458008 0.015625 0.017578
2 0.392188 0.460938 0.015625 0.015625
2 0.378906 0.464844 0.020313 0.023438
2 0.359375 0.465820 0.021875 0.025391
2 0.339844 0.464844 0.026562 0.031250
2 0.319531 0.468750 0.023438 0.039062
2 0.019531 0.476562 0.029687 0.039062