0 0.793750 0.482422 0.021875 0.078125
0 0.775781 0.486328 0.020313 0.082031
0 0.759375 0.485352 0.018750 0.076172
0 0.748437 0.481445 0.018750 0.072266
0 0.720313 0.486328 0.021875 0.085938
2 0.660156 0.479492 0.035937 0.033203
2 0.634375 0.475586 0.018750 0.041016
0 0.619531 0.474609 0.010937 0.039062
0 0.605469 0.477539 0.020313 0.044922
0 0.590625 0.471680 0.018750 0.037109
0 0.578125 0.468750 0.018750 0.039062
2 0.536719 0.480469 0.035937 0.039062
2 0.506250 0.475586 0.025000 0.025391
2 0.485156 0.471680 0.017188 0.017578
2 0.464844 0.469727 0.020313 0.025391
2 0.439844 0.472656 0.023438 0.031250
2 0.390625 0.470703 0.031250 0.035156
2 0.369531 0.472656 0.020313 0.031250
2 0.335938 0.473633 0.028125 0.025391
2 0.193750 0.478516 0.043750 0.050781
0 0.160156 0.487305 0.020313 0.044922
0 0.131250 0.475586 0.018750 0.041016
0 0.067969 0.476562 0.020313 0.054688
0 0.032813 0.485352 0.018750 0.052734