2 0.192969 0.477539 0.173437 0.158203
2 0.312500 0.472656 0.062500 0.066406
2 0.353125 0.460938 0.028125 0.046875
2 0.680469 0.482422 0.067187 0.097656
2 0.980469 0.519531 0.035937 0.187500
0 0.925000 0.518555 0.106250 0.232422
1 0.949219 0.598633 0.054688 0.138672
1 0.903125 0.601562 0.043750 0.089844
1 0.807031 0.552734 0.054688 0.101562
1 0.710938 0.537109 0.037500 0.066406
1 0.645312 0.523438 0.031250 0.062500
1 0.595313 0.506836 0.025000 0.064453
0 0.808594 0.497070 0.073438 0.158203
0 0.714063 0.499023 0.037500 0.103516
0 0.645312 0.482422 0.034375 0.093750
0 0.595313 0.476562 0.037500 0.093750
2 0.568750 0.467773 0.034375 0.064453