2 0.424219 0.478516 0.054688 0.050781
2 0.807031 0.461914 0.054688 0.076172
2 0.925000 0.450195 0.140625 0.146484
2 0.950000 0.487305 0.096875 0.130859
0 0.705469 0.462891 0.026562 0.101562
0 0.684375 0.465820 0.025000 0.103516
0 0.659375 0.469727 0.028125 0.095703
0 0.091406 0.473633 0.023438 0.025391
0 0.110937 0.492188 0.025000 0.062500
0 0.595313 0.460938 0.021875 0.058594
2 0.728125 0.462891 0.037500 0.062500
0 0.557813 0.458008 0.018750 0.044922
0 0.635156 0.449219 0.020313 0.050781
0 0.127344 0.487305 0.023438 0.037109
0 0.371875 0.467773 0.018750 0.037109