2 0.114062 0.508789 0.184375 0.158203
2 0.229687 0.498047 0.084375 0.097656
2 0.280469 0.496094 0.060937 0.082031
2 0.362500 0.486328 0.112500 0.117188
2 0.510156 0.465820 0.045312 0.041016
2 0.560937 0.465820 0.040625 0.044922
2 0.683594 0.534180 0.160938 0.162109
2 0.764844 0.498047 0.054688 0.089844
0 0.916406 0.560547 0.082812 0.242188
0 0.179688 0.434570 0.028125 0.037109
2 0.432812 0.462891 0.025000 0.031250
2 0.445312 0.456055 0.025000 0.029297
0 0.460938 0.457031 0.012500 0.031250
2 0.617969 0.476562 0.051562 0.058594
2 0.307812 0.458008 0.050000 0.041016