1 0.797656 0.593750 0.179688 0.128906
2 0.088281 0.608398 0.176563 0.197266
2 0.189844 0.551758 0.123438 0.130859
2 0.303906 0.510742 0.104688 0.083984
2 0.372656 0.470703 0.060937 0.058594
2 0.581250 0.460938 0.043750 0.039062
2 0.615625 0.493164 0.068750 0.072266
2 0.678125 0.523438 0.100000 0.097656
2 0.771875 0.483398 0.068750 0.076172
2 0.852344 0.503906 0.145313 0.089844
2 0.408594 0.470703 0.020313 0.035156
2 0.415625 0.462891 0.028125 0.039062
2 0.364063 0.487305 0.037500 0.056641
2 0.435937 0.457031 0.018750 0.031250
2 0.450781 0.452148 0.023438 0.033203