2 0.053906 0.564453 0.104688 0.210938
2 0.331250 0.494141 0.093750 0.093750
2 0.368750 0.482422 0.071875 0.078125
2 0.424219 0.478516 0.060937 0.070312
2 0.465625 0.473633 0.037500 0.041016
2 0.760938 0.490234 0.068750 0.082031
2 0.812500 0.498047 0.081250 0.082031
2 0.916406 0.521484 0.145313 0.128906
2 0.947656 0.524414 0.101562 0.126953
2 0.950781 0.704102 0.092188 0.251953
0 0.701562 0.483398 0.021875 0.072266
0 0.540625 0.459961 0.018750 0.041016
0 0.518750 0.458984 0.018750 0.035156
2 0.582031 0.465820 0.029687 0.025391
2 0.057031 0.454102 0.104688 0.076172
2 0.179688 0.510742 0.225000 0.189453
0 0.600781 0.461914 0.014063 0.037109
2 0.492188 0.469727 0.021875 0.033203