1 0.197656 0.573242 0.057813 0.091797
1 0.257812 0.558594 0.050000 0.109375
2 0.120313 0.548828 0.081250 0.097656
2 0.287500 0.512695 0.090625 0.107422
2 0.408594 0.508789 0.157812 0.103516
2 0.588281 0.490234 0.167187 0.117188
2 0.685937 0.479492 0.056250 0.064453
2 0.825000 0.475586 0.090625 0.068359
0 0.171875 0.512695 0.043750 0.220703
0 0.232813 0.511719 0.078125 0.207031
0 0.316406 0.459961 0.020313 0.056641
0 0.750781 0.477539 0.023438 0.083984
0 0.471875 0.462891 0.025000 0.050781
0 0.453125 0.452148 0.018750 0.037109
0 0.435937 0.448242 0.018750 0.025391
0 0.410938 0.448242 0.021875 0.025391
0 0.392188 0.450195 0.018750 0.025391
0 0.371875 0.448242 0.018750 0.033203
0 0.294531 0.459961 0.026562 0.056641
0 0.792188 0.457031 0.018750 0.031250
0 0.766406 0.472656 0.014063 0.058594
0 0.725781 0.470703 0.017188 0.062500