1 0.834375 0.656250 0.087500 0.210938
1 0.585156 0.561523 0.042188 0.119141
1 0.442188 0.583984 0.046875 0.128906
0 0.942187 0.495117 0.050000 0.154297
0 0.915625 0.461914 0.015625 0.029297
0 0.963281 0.448242 0.010937 0.029297
0 0.986719 0.449219 0.023438 0.035156
2 0.413281 0.469727 0.023438 0.021484
2 0.392188 0.471680 0.021875 0.017578
0 0.821875 0.514648 0.103125 0.318359
0 0.589844 0.498047 0.054688 0.210938
0 0.540625 0.472656 0.018750 0.058594
0 0.530469 0.465820 0.010937 0.041016
0 0.524219 0.464844 0.007812 0.035156
0 0.447656 0.503906 0.064062 0.195312