0 0.589063 0.468750 0.018750 0.058594
0 0.610156 0.465820 0.020313 0.064453
0 0.695312 0.479492 0.034375 0.123047
0 0.724219 0.471680 0.029687 0.134766
0 0.813281 0.487305 0.048438 0.162109
0 0.775000 0.483398 0.046875 0.169922
2 0.926562 0.447266 0.143750 0.132812
2 0.950000 0.489258 0.093750 0.107422
2 0.446875 0.466797 0.043750 0.046875
2 0.355469 0.491211 0.092188 0.087891
0 0.553906 0.459961 0.023438 0.052734
2 0.642188 0.450195 0.021875 0.033203
0 0.661719 0.453125 0.020313 0.039062
0 0.164062 0.480469 0.018750 0.050781
0 0.128125 0.489258 0.018750 0.033203
0 0.114062 0.488281 0.018750 0.054688