0 0.707812 0.482422 0.028125 0.117188
0 0.667969 0.494141 0.035937 0.140625
0 0.960938 0.473633 0.037500 0.060547
2 0.804688 0.451172 0.162500 0.066406
0 0.562500 0.472656 0.028125 0.093750
2 0.494531 0.468750 0.035937 0.042969
0 0.464844 0.465820 0.020313 0.056641
2 0.397656 0.463867 0.032813 0.037109
0 0.340625 0.475586 0.018750 0.052734
0 0.314063 0.464844 0.018750 0.062500
2 0.239063 0.453125 0.046875 0.039062
2 0.205469 0.453125 0.020313 0.031250
2 0.150000 0.449219 0.043750 0.027344
2 0.107813 0.450195 0.034375 0.033203
2 0.084375 0.455078 0.028125 0.027344
2 0.053906 0.553711 0.107813 0.294922
2 0.050000 0.441406 0.028125 0.031250