0 0.038281 0.500977 0.073438 0.216797
0 0.182031 0.485352 0.060937 0.150391
0 0.263281 0.478516 0.042188 0.113281
0 0.296094 0.472656 0.032813 0.085938
1 0.180469 0.539062 0.048438 0.101562
1 0.028125 0.572266 0.053125 0.144531
1 0.262500 0.518555 0.031250 0.068359
1 0.296875 0.504883 0.031250 0.064453
2 0.552344 0.479492 0.076563 0.087891
2 0.068750 0.488281 0.034375 0.117188
2 0.150000 0.480469 0.034375 0.082031
2 0.509375 0.479492 0.025000 0.052734
2 0.496875 0.477539 0.025000 0.041016
2 0.381250 0.473633 0.037500 0.037109