1 0.732812 0.632812 0.075000 0.191406
1 0.410938 0.616211 0.031250 0.181641
1 0.539062 0.549805 0.028125 0.115234
1 0.456250 0.552734 0.021875 0.113281
1 0.987500 0.591797 0.021875 0.117188
2 0.286719 0.484375 0.048438 0.046875
2 0.338281 0.478516 0.035937 0.039062
1 0.117188 0.502930 0.028125 0.068359
1 0.934375 0.580078 0.125000 0.203125
0 0.726562 0.449219 0.084375 0.183594
0 0.568750 0.458008 0.018750 0.029297
0 0.537500 0.441406 0.046875 0.113281
0 0.459375 0.454102 0.043750 0.099609
0 0.410156 0.525391 0.064062 0.296875