0 0.596094 0.458984 0.020313 0.035156
1 0.597656 0.485352 0.020313 0.025391
2 0.531250 0.482422 0.068750 0.066406
2 0.473438 0.465820 0.037500 0.037109
2 0.412500 0.464844 0.018750 0.023438
2 0.394531 0.460938 0.020313 0.035156
2 0.383594 0.476562 0.020313 0.035156
2 0.381250 0.455078 0.031250 0.023438
2 0.364063 0.478516 0.025000 0.042969
2 0.353125 0.481445 0.021875 0.056641
2 0.307812 0.482422 0.090625 0.093750
2 0.267188 0.468750 0.018750 0.031250
2 0.226562 0.486328 0.075000 0.078125
0 0.059375 0.491211 0.028125 0.115234