2 0.846875 0.640625 0.300000 0.312500
2 0.725000 0.559570 0.115625 0.134766
2 0.650000 0.508789 0.106250 0.103516
2 0.408594 0.462891 0.035937 0.046875
2 0.328906 0.484375 0.082812 0.089844
2 0.285156 0.517578 0.073438 0.113281
2 0.242188 0.540039 0.096875 0.123047
2 0.152344 0.574219 0.135937 0.152344
2 0.066406 0.637695 0.129688 0.232422
0 0.560937 0.470703 0.018750 0.066406
0 0.548438 0.473633 0.018750 0.060547
2 0.054688 0.463867 0.050000 0.029297
2 0.102344 0.461914 0.060937 0.029297
2 0.392188 0.476562 0.025000 0.046875