0 0.165625 0.497070 0.056250 0.169922
0 0.121875 0.455078 0.025000 0.074219
0 0.692969 0.450195 0.023438 0.080078
0 0.752344 0.435547 0.020313 0.039062
0 0.726562 0.435547 0.025000 0.039062
0 0.797656 0.432617 0.017188 0.029297
2 0.335938 0.465820 0.065625 0.060547
0 0.520312 0.454102 0.015625 0.060547
0 0.270313 0.454102 0.021875 0.060547
0 0.307031 0.445312 0.010937 0.031250
0 0.371875 0.463867 0.012500 0.052734
2 0.384375 0.451172 0.012500 0.019531
0 0.850000 0.424805 0.009375 0.021484
0 0.010937 0.510742 0.021875 0.150391