2 0.730469 0.488281 0.098437 0.085938
2 0.664062 0.490234 0.037500 0.062500
2 0.514844 0.474609 0.020313 0.027344
2 0.565625 0.495117 0.106250 0.095703
2 0.489063 0.473633 0.015625 0.017578
2 0.460938 0.472656 0.028125 0.023438
2 0.432812 0.473633 0.018750 0.025391
2 0.411719 0.468750 0.020313 0.027344
2 0.390625 0.474609 0.025000 0.039062
2 0.369531 0.475586 0.026562 0.041016
2 0.353906 0.478516 0.023438 0.039062
2 0.327344 0.478516 0.042188 0.046875
2 0.286719 0.488281 0.073438 0.058594
2 0.094531 0.510742 0.189062 0.138672