0 0.266406 0.538086 0.042188 0.130859
1 0.263281 0.578125 0.026562 0.078125
2 0.377344 0.480469 0.051562 0.046875
2 0.425000 0.463867 0.043750 0.037109
2 0.505469 0.445312 0.026562 0.027344
2 0.621875 0.499023 0.037500 0.064453
2 0.642969 0.514648 0.054688 0.095703
2 0.664062 0.530273 0.062500 0.115234
2 0.752344 0.557617 0.167187 0.185547
2 0.017188 0.526367 0.034375 0.107422
2 0.112500 0.498047 0.046875 0.089844
2 0.291406 0.478516 0.067187 0.058594
2 0.303906 0.464844 0.073438 0.050781
2 0.459375 0.447266 0.028125 0.027344
2 0.606250 0.490234 0.034375 0.066406
2 0.578906 0.470703 0.029687 0.042969
2 0.565625 0.455078 0.031250 0.042969
2 0.234375 0.466797 0.053125 0.062500