2 0.070312 0.541016 0.140625 0.203125
2 0.177344 0.526367 0.117188 0.123047
2 0.259375 0.508789 0.093750 0.095703
2 0.510156 0.474609 0.045312 0.035156
2 0.696094 0.532227 0.126562 0.126953
2 0.848437 0.616211 0.271875 0.259766
2 0.900781 0.759766 0.192188 0.476562
0 0.329688 0.490234 0.028125 0.093750
0 0.360156 0.490234 0.029687 0.089844
0 0.571875 0.501953 0.031250 0.117188
0 0.613281 0.508789 0.048438 0.169922
2 0.398438 0.465820 0.050000 0.044922
2 0.532813 0.473633 0.018750 0.029297
2 0.543750 0.473633 0.018750 0.025391