2 0.274219 0.505859 0.082812 0.078125
2 0.316406 0.488281 0.054688 0.058594
2 0.449219 0.455078 0.045312 0.050781
2 0.589063 0.482422 0.084375 0.089844
2 0.792188 0.614258 0.259375 0.220703
2 0.934375 0.504883 0.128125 0.115234
0 0.711719 0.477539 0.020313 0.083984
2 0.341406 0.479492 0.045312 0.052734
2 0.362500 0.476562 0.021875 0.042969
0 0.407813 0.463867 0.021875 0.056641
2 0.378125 0.460938 0.046875 0.046875
2 0.484375 0.439453 0.025000 0.031250
0 0.496875 0.452148 0.015625 0.044922
2 0.546094 0.468750 0.029687 0.046875
2 0.539844 0.456055 0.045312 0.060547