0 0.109375 0.484375 0.031250 0.109375
1 0.295312 0.524414 0.021875 0.056641
1 0.943750 0.671875 0.109375 0.179688
1 0.732031 0.558594 0.039062 0.105469
1 0.514062 0.498047 0.015625 0.050781
1 0.471875 0.500000 0.018750 0.039062
0 0.591406 0.474609 0.023438 0.070312
0 0.653125 0.443359 0.021875 0.015625
2 0.865625 0.526367 0.090625 0.181641
2 0.645312 0.491211 0.090625 0.083984
2 0.420312 0.468750 0.056250 0.031250
0 0.937500 0.515625 0.121875 0.250000
0 0.729688 0.500977 0.056250 0.173828
0 0.514062 0.452148 0.018750 0.052734
0 0.467969 0.475586 0.023438 0.080078
0 0.297656 0.479492 0.032813 0.099609