0 0.731250 0.485352 0.034375 0.146484
0 0.756250 0.478516 0.037500 0.148438
0 0.700781 0.470703 0.026562 0.136719
0 0.672656 0.470703 0.045312 0.156250
2 0.809375 0.462891 0.056250 0.074219
2 0.927344 0.449219 0.142187 0.144531
2 0.951562 0.486328 0.093750 0.101562
0 0.631250 0.461914 0.028125 0.068359
0 0.614062 0.462891 0.025000 0.070312
0 0.595313 0.465820 0.025000 0.072266
0 0.346875 0.473633 0.018750 0.052734
2 0.453125 0.460938 0.037500 0.035156
0 0.112500 0.498047 0.028125 0.058594
0 0.332813 0.479492 0.015625 0.052734
0 0.554688 0.458984 0.018750 0.042969
0 0.578125 0.458984 0.018750 0.050781
0 0.127344 0.487305 0.020313 0.029297