1 0.485938 0.496094 0.025000 0.066406
1 0.537500 0.496094 0.025000 0.066406
0 0.178125 0.439453 0.025000 0.039062
1 0.975781 0.583008 0.045312 0.130859
2 0.950781 0.434570 0.064062 0.044922
1 0.620313 0.492188 0.021875 0.046875
1 0.016406 0.513672 0.032813 0.132812
1 0.110156 0.489258 0.042188 0.072266
2 0.340625 0.458984 0.037500 0.035156
0 0.678125 0.463867 0.021875 0.083984
1 0.446094 0.471680 0.023438 0.025391
0 0.375781 0.452148 0.014063 0.037109
1 0.981250 0.713867 0.034375 0.185547
1 0.771875 0.510742 0.025000 0.068359
1 0.750000 0.504883 0.031250 0.076172
0 0.643750 0.441406 0.018750 0.046875
0 0.622656 0.444336 0.026562 0.052734
0 0.598437 0.445312 0.018750 0.042969
0 0.535937 0.461914 0.028125 0.107422
0 0.488281 0.470703 0.029687 0.097656
0 0.450000 0.446289 0.021875 0.033203
0 0.410938 0.447266 0.006250 0.027344
2 0.403125 0.453125 0.015625 0.019531
1 0.289062 0.458984 0.021875 0.046875
1 0.196875 0.491211 0.025000 0.060547
1 0.178125 0.491211 0.028125 0.060547
1 0.139844 0.492188 0.023438 0.046875
1 0.053906 0.502930 0.026562 0.068359