0 0.796875 0.541992 0.087500 0.259766
0 0.890625 0.574219 0.118750 0.285156
2 0.135937 0.556641 0.265625 0.199219
2 0.287500 0.514648 0.150000 0.169922
2 0.396875 0.495117 0.084375 0.083984
2 0.446875 0.469727 0.053125 0.060547
2 0.716406 0.509766 0.092188 0.085938
1 0.892969 0.695312 0.073438 0.187500
1 0.791406 0.627930 0.035937 0.138672
2 0.664062 0.489258 0.040625 0.052734
2 0.644531 0.485352 0.023438 0.044922
2 0.636719 0.477539 0.026562 0.041016
2 0.612500 0.469727 0.025000 0.025391
2 0.519531 0.465820 0.023438 0.025391