2 0.063281 0.529297 0.117188 0.250000
2 0.104688 0.490234 0.084375 0.152344
2 0.189062 0.500977 0.118750 0.138672
2 0.263281 0.481445 0.070312 0.119141
2 0.351562 0.462891 0.034375 0.031250
2 0.631250 0.491211 0.093750 0.091797
2 0.639844 0.514648 0.070312 0.107422
2 0.706250 0.546875 0.162500 0.152344
2 0.882812 0.758789 0.228125 0.466797
2 0.755469 0.469727 0.095312 0.072266
2 0.471875 0.464844 0.028125 0.031250
2 0.440625 0.465820 0.034375 0.033203
0 0.411719 0.459961 0.017188 0.041016
0 0.532813 0.470703 0.015625 0.050781
0 0.520312 0.471680 0.012500 0.056641
0 0.510938 0.470703 0.009375 0.054688