0 0.780469 0.463867 0.026562 0.072266
0 0.719531 0.461914 0.026562 0.076172
0 0.218750 0.445312 0.034375 0.078125
0 0.134375 0.490234 0.062500 0.136719
0 0.190625 0.621094 0.125000 0.261719
0 0.963281 0.527344 0.070312 0.199219
1 0.942187 0.591797 0.065625 0.089844
1 0.114062 0.538086 0.068750 0.083984
2 0.544531 0.475586 0.029687 0.041016
2 0.542188 0.460938 0.040625 0.050781
2 0.579688 0.485352 0.062500 0.064453
2 0.263281 0.466797 0.060937 0.062500
0 0.685937 0.459961 0.018750 0.068359
0 0.042188 0.427734 0.025000 0.039062
0 0.064062 0.439453 0.021875 0.027344
0 0.078906 0.438477 0.020313 0.025391
0 0.850000 0.440430 0.031250 0.033203
1 0.175781 0.542969 0.054688 0.066406
2 0.191406 0.467773 0.026562 0.037109
0 0.175781 0.451172 0.020313 0.054688