2 0.082812 0.575195 0.165625 0.154297
2 0.206250 0.529297 0.125000 0.128906
2 0.277344 0.495117 0.085938 0.103516
2 0.350781 0.468750 0.045312 0.046875
2 0.367969 0.457031 0.045312 0.042969
2 0.387500 0.454102 0.031250 0.041016
2 0.417187 0.445312 0.028125 0.023438
2 0.577344 0.479492 0.085938 0.076172
2 0.632031 0.502930 0.117188 0.107422
2 0.685937 0.546875 0.178125 0.144531
2 0.785156 0.475586 0.076563 0.064453
2 0.472656 0.433594 0.020313 0.023438
2 0.544531 0.460938 0.035937 0.050781
2 0.514062 0.439453 0.025000 0.031250
2 0.520312 0.449219 0.021875 0.031250
2 0.323437 0.486328 0.040625 0.062500
0 0.450000 0.443359 0.015625 0.035156
0 0.487500 0.432617 0.015625 0.029297