2 0.214844 0.520508 0.145313 0.107422
2 0.067969 0.525391 0.135937 0.132812
2 0.292969 0.503906 0.079687 0.085938
2 0.356250 0.494141 0.062500 0.066406
2 0.386719 0.487305 0.039062 0.052734
2 0.598437 0.485352 0.059375 0.052734
0 0.698438 0.500977 0.034375 0.095703
0 0.525781 0.469727 0.020313 0.052734
2 0.026562 0.555664 0.043750 0.189453
2 0.414844 0.482422 0.032813 0.046875
2 0.433594 0.474609 0.023438 0.039062
2 0.440625 0.466797 0.034375 0.042969
2 0.541406 0.469727 0.029687 0.033203
2 0.460938 0.464844 0.018750 0.031250
2 0.472656 0.464844 0.020313 0.031250
2 0.747656 0.490234 0.035937 0.046875
2 0.836719 0.486328 0.070312 0.054688