2 0.667188 0.530273 0.125000 0.123047
2 0.451562 0.457031 0.043750 0.046875
2 0.353906 0.488281 0.054688 0.058594
2 0.325000 0.496094 0.050000 0.066406
2 0.298438 0.504883 0.053125 0.076172
2 0.241406 0.515625 0.092188 0.101562
2 0.182031 0.552734 0.120313 0.117188
2 0.092188 0.605469 0.181250 0.179688
0 0.593750 0.515625 0.043750 0.144531
0 0.528906 0.527344 0.045312 0.140625
1 0.528906 0.569336 0.026562 0.083984
2 0.925000 0.522461 0.056250 0.154297
2 0.395313 0.471680 0.043750 0.037109
2 0.566406 0.472656 0.042188 0.039062
2 0.550781 0.458008 0.035937 0.041016