1 0.926562 0.832031 0.143750 0.308594
1 0.884375 0.648438 0.056250 0.125000
1 0.560156 0.563477 0.032813 0.123047
1 0.486719 0.564453 0.023438 0.121094
2 0.389844 0.487305 0.042188 0.029297
2 0.346875 0.491211 0.043750 0.041016
0 0.753906 0.501953 0.039062 0.156250
0 0.438281 0.482422 0.014063 0.039062
1 0.036719 0.518555 0.060937 0.107422
1 0.116406 0.514648 0.042188 0.080078
0 0.941406 0.636719 0.114062 0.585938
0 0.883594 0.459961 0.067187 0.162109
0 0.703125 0.468750 0.021875 0.082031
0 0.685156 0.460938 0.020313 0.070312
0 0.560937 0.492188 0.065625 0.203125
0 0.485156 0.508789 0.045312 0.208984