2 0.230469 0.482422 0.079687 0.066406
2 0.171875 0.475586 0.059375 0.044922
0 0.842969 0.525391 0.035937 0.113281
0 0.800781 0.523438 0.032813 0.105469
2 0.957812 0.527344 0.081250 0.062500
2 0.753906 0.518555 0.076563 0.064453
2 0.881250 0.525391 0.065625 0.070312
2 0.959375 0.748047 0.075000 0.183594
2 0.289062 0.481445 0.093750 0.076172
2 0.115625 0.469727 0.071875 0.052734
2 0.064062 0.466797 0.053125 0.050781
2 0.021875 0.466797 0.043750 0.042969
2 0.534375 0.446289 0.037500 0.033203
2 0.609375 0.450195 0.040625 0.029297