2 0.907813 0.613281 0.181250 0.335938
0 0.111719 0.461914 0.035937 0.126953
0 0.148438 0.471680 0.040625 0.095703
0 0.360938 0.452148 0.021875 0.056641
0 0.379688 0.453125 0.018750 0.050781
0 0.346875 0.455078 0.018750 0.062500
2 0.643750 0.482422 0.081250 0.078125
0 0.568750 0.456055 0.018750 0.033203
0 0.555469 0.455078 0.014063 0.035156
0 0.546875 0.455078 0.012500 0.035156
0 0.707812 0.467773 0.021875 0.056641
0 0.498437 0.455078 0.015625 0.035156
0 0.319531 0.450195 0.020313 0.056641
0 0.281250 0.423828 0.018750 0.031250