1 0.230469 0.554688 0.045312 0.109375
2 0.884375 0.652344 0.221875 0.316406
2 0.811719 0.558594 0.210938 0.218750
2 0.686719 0.511719 0.107813 0.113281
2 0.657813 0.496094 0.078125 0.125000
2 0.540625 0.452148 0.028125 0.025391
2 0.385156 0.480469 0.035937 0.070312
2 0.400000 0.448242 0.046875 0.037109
2 0.578125 0.456055 0.028125 0.033203
2 0.449219 0.449219 0.029687 0.027344
0 0.467969 0.450195 0.010937 0.029297
0 0.966406 0.473633 0.051562 0.060547
0 0.603906 0.492188 0.039062 0.132812
0 0.359375 0.480469 0.028125 0.101562
0 0.339844 0.476562 0.026562 0.109375
0 0.319531 0.483398 0.029687 0.099609
2 0.045312 0.497070 0.090625 0.119141
0 0.235937 0.510742 0.056250 0.162109