2 0.017188 0.544922 0.034375 0.113281
2 0.136719 0.513672 0.207813 0.113281
2 0.321094 0.496094 0.157812 0.078125
2 0.502344 0.468750 0.079687 0.062500
2 0.855469 0.459961 0.082812 0.044922
2 0.925000 0.458984 0.068750 0.042969
0 0.741406 0.455078 0.023438 0.058594
0 0.718750 0.458008 0.025000 0.064453
0 0.678906 0.464844 0.023438 0.066406
0 0.457813 0.476562 0.025000 0.078125
0 0.425000 0.474609 0.025000 0.085938
0 0.406250 0.471680 0.021875 0.083984
0 0.371094 0.447266 0.026562 0.035156
0 0.356250 0.445312 0.025000 0.035156
0 0.121094 0.447266 0.029687 0.035156
0 0.959375 0.452148 0.018750 0.044922
0 0.882031 0.439453 0.020313 0.027344