0 0.842969 0.412109 0.023438 0.070312
0 0.814844 0.413086 0.023438 0.060547
0 0.839844 0.416992 0.020313 0.052734
1 0.865625 0.467773 0.025000 0.044922
1 0.821875 0.468750 0.040625 0.046875
1 0.796875 0.466797 0.028125 0.050781
2 0.639062 0.416016 0.018750 0.078125
2 0.605469 0.416016 0.042188 0.078125
2 0.482812 0.433594 0.034375 0.050781
2 0.448437 0.415039 0.018750 0.021484
2 0.459375 0.425781 0.025000 0.023438
2 0.442188 0.404297 0.015625 0.019531
2 0.421875 0.399414 0.015625 0.017578
2 0.389062 0.396484 0.015625 0.019531
2 0.378906 0.429688 0.032813 0.054688
2 0.361719 0.433594 0.026562 0.039062
2 0.319531 0.441406 0.085938 0.093750