2 0.085938 0.578125 0.168750 0.160156
2 0.183594 0.559570 0.110937 0.123047
2 0.290625 0.538086 0.106250 0.083984
2 0.353906 0.533203 0.045312 0.070312
2 0.410156 0.524414 0.051562 0.052734
2 0.460938 0.520508 0.037500 0.041016
2 0.650781 0.551758 0.104688 0.099609
2 0.735156 0.599609 0.195312 0.175781
0 0.537500 0.519531 0.015625 0.039062
2 0.550781 0.521484 0.023438 0.027344
0 0.524219 0.517578 0.020313 0.039062
0 0.509375 0.515625 0.018750 0.039062
0 0.573438 0.520508 0.018750 0.037109
2 0.617188 0.527344 0.059375 0.078125
2 0.238281 0.519531 0.067187 0.058594
2 0.482812 0.521484 0.025000 0.031250