0 0.596875 0.482422 0.025000 0.089844
2 0.249219 0.510742 0.123438 0.107422
2 0.321094 0.482422 0.079687 0.101562
2 0.384375 0.482422 0.053125 0.058594
2 0.409375 0.469727 0.040625 0.052734
2 0.471094 0.458984 0.032813 0.031250
2 0.688281 0.523438 0.123438 0.113281
2 0.776563 0.564453 0.184375 0.179688
2 0.896875 0.468750 0.112500 0.046875
2 0.884375 0.657227 0.225000 0.341797
2 0.021875 0.567383 0.040625 0.189453
0 0.698438 0.458008 0.018750 0.025391
0 0.683594 0.455078 0.017188 0.019531
2 0.804688 0.458008 0.056250 0.033203
2 0.435156 0.470703 0.020313 0.042969
2 0.442188 0.462891 0.021875 0.042969
2 0.578125 0.462891 0.025000 0.031250
2 0.107813 0.530273 0.215625 0.197266
2 0.642188 0.500000 0.040625 0.074219