0 0.809375 0.464844 0.037500 0.101562
0 0.770312 0.471680 0.028125 0.087891
0 0.733594 0.446289 0.020313 0.037109
0 0.721094 0.457031 0.023438 0.074219
0 0.639844 0.449219 0.014063 0.050781
0 0.625781 0.457031 0.014063 0.039062
0 0.612500 0.447266 0.012500 0.031250
0 0.589844 0.457031 0.017188 0.050781
0 0.532813 0.458008 0.015625 0.037109
2 0.417187 0.466797 0.065625 0.085938
2 0.384375 0.462891 0.018750 0.027344
2 0.367969 0.461914 0.020313 0.029297
2 0.350781 0.462891 0.020313 0.035156
2 0.319531 0.464844 0.042188 0.046875
0 0.178125 0.479492 0.018750 0.048828