2 0.975000 0.485352 0.046875 0.076172
0 0.918750 0.479492 0.012500 0.068359
2 0.878906 0.492188 0.073438 0.070312
2 0.776563 0.491211 0.078125 0.076172
0 0.527344 0.469727 0.014063 0.025391
0 0.507812 0.466797 0.018750 0.042969
0 0.490625 0.480469 0.018750 0.078125
2 0.625000 0.526367 0.246875 0.169922
2 0.435156 0.492188 0.070312 0.070312
2 0.273438 0.497070 0.071875 0.064453
2 0.169531 0.490234 0.073438 0.070312
2 0.117969 0.492188 0.029687 0.070312
1 0.091406 0.523438 0.020313 0.031250
0 0.079687 0.501953 0.021875 0.074219
1 0.044531 0.517578 0.029687 0.039062
2 0.081250 0.472656 0.046875 0.039062
2 0.014844 0.490234 0.029687 0.082031