2 0.826562 0.609375 0.312500 0.199219
2 0.893750 0.491211 0.081250 0.056641
2 0.802344 0.494141 0.070312 0.054688
2 0.715625 0.492188 0.084375 0.062500
0 0.664062 0.491211 0.021875 0.076172
0 0.638281 0.490234 0.023438 0.070312
2 0.954688 0.707031 0.081250 0.203125
2 0.222656 0.473633 0.079687 0.064453
2 0.161719 0.472656 0.057813 0.050781
2 0.114062 0.466797 0.059375 0.046875
2 0.614062 0.498047 0.037500 0.042969
2 0.059375 0.462891 0.068750 0.058594
2 0.020313 0.465820 0.040625 0.060547
2 0.450781 0.439453 0.042188 0.027344
2 0.359375 0.435547 0.050000 0.035156