2 0.145313 0.573242 0.178125 0.146484
0 0.277344 0.518555 0.048438 0.126953
1 0.275000 0.566406 0.037500 0.078125
2 0.223438 0.532227 0.084375 0.115234
2 0.321094 0.497070 0.054688 0.056641
2 0.364063 0.484375 0.050000 0.046875
2 0.389844 0.470703 0.042188 0.046875
2 0.415625 0.458984 0.031250 0.039062
2 0.915625 0.807617 0.165625 0.349609
2 0.794531 0.633789 0.285938 0.236328
2 0.696875 0.563477 0.125000 0.146484
2 0.307812 0.506836 0.031250 0.060547
2 0.453125 0.449219 0.025000 0.023438
2 0.662500 0.505859 0.121875 0.117188
2 0.783594 0.445312 0.101562 0.039062
2 0.718750 0.444336 0.028125 0.033203
2 0.599219 0.489258 0.042188 0.068359
2 0.578906 0.464844 0.051562 0.066406
2 0.513281 0.458008 0.035937 0.052734
0 0.500781 0.468750 0.020313 0.058594