2 0.078125 0.763672 0.156250 0.339844
2 0.079687 0.564453 0.153125 0.140625
2 0.166406 0.500000 0.067187 0.058594
2 0.235156 0.569336 0.220312 0.197266
2 0.362500 0.500977 0.081250 0.115234
2 0.932813 0.882812 0.128125 0.230469
2 0.821875 0.641602 0.350000 0.333984
2 0.657813 0.553711 0.109375 0.138672
2 0.615625 0.519531 0.090625 0.101562
2 0.590625 0.482422 0.078125 0.101562
0 0.506250 0.467773 0.025000 0.060547
0 0.406250 0.458008 0.018750 0.052734
2 0.420312 0.452148 0.028125 0.037109
2 0.492188 0.448242 0.034375 0.044922
2 0.687500 0.441406 0.037500 0.035156
2 0.660156 0.444336 0.029687 0.033203
2 0.253125 0.457031 0.115625 0.035156
2 0.547656 0.455078 0.042188 0.050781