0 0.959375 0.754883 0.078125 0.462891
0 0.238281 0.602539 0.092188 0.224609
2 0.153906 0.573242 0.142187 0.166016
2 0.303125 0.525391 0.071875 0.097656
2 0.363281 0.493164 0.076563 0.076172
2 0.398438 0.479492 0.043750 0.072266
2 0.457813 0.465820 0.046875 0.041016
2 0.596875 0.455078 0.028125 0.031250
2 0.647656 0.504883 0.042188 0.068359
2 0.687500 0.515625 0.087500 0.078125
2 0.816406 0.588867 0.242188 0.224609
1 0.236719 0.692383 0.048438 0.126953
0 0.484375 0.466797 0.021875 0.046875
2 0.503906 0.449219 0.023438 0.027344
2 0.700000 0.440430 0.037500 0.029297