2 0.875000 0.527344 0.246875 0.156250
2 0.611719 0.471680 0.107813 0.091797
2 0.123438 0.467773 0.071875 0.060547
2 0.182031 0.459961 0.054688 0.052734
2 0.216406 0.457031 0.023438 0.046875
2 0.548438 0.471680 0.018750 0.056641
2 0.529687 0.464844 0.021875 0.062500
2 0.513281 0.460938 0.020313 0.054688
2 0.497656 0.455078 0.020313 0.042969
2 0.481250 0.443359 0.018750 0.039062
2 0.464844 0.440430 0.014063 0.029297
2 0.450781 0.435547 0.020313 0.035156
2 0.431250 0.430664 0.018750 0.029297
2 0.414844 0.427734 0.020313 0.027344
2 0.400000 0.424805 0.018750 0.025391
2 0.385156 0.424805 0.020313 0.025391
2 0.369531 0.422852 0.020313 0.025391
2 0.314844 0.419922 0.029687 0.015625
2 0.277344 0.419922 0.023438 0.023438