2 0.082031 0.487305 0.132812 0.099609
2 0.196875 0.532227 0.168750 0.126953
2 0.289062 0.504883 0.075000 0.099609
2 0.344531 0.501953 0.060937 0.089844
2 0.399219 0.494141 0.048438 0.062500
2 0.522656 0.561523 0.185938 0.193359
2 0.657813 0.513672 0.056250 0.085938
2 0.728125 0.520508 0.131250 0.119141
2 0.739062 0.565430 0.109375 0.162109
2 0.861719 0.592773 0.267188 0.310547
2 0.635156 0.486328 0.057813 0.078125
2 0.603906 0.486328 0.029687 0.058594
2 0.034375 0.443359 0.068750 0.050781
2 0.424219 0.486328 0.029687 0.050781
2 0.443750 0.482422 0.028125 0.042969
2 0.460156 0.468750 0.032813 0.031250