1 0.970313 0.541016 0.056250 0.167969
1 0.729688 0.529297 0.053125 0.093750
1 0.885156 0.572266 0.089063 0.140625
0 0.591406 0.445312 0.020313 0.054688
1 0.643750 0.498047 0.025000 0.035156
0 0.448437 0.460938 0.015625 0.050781
2 0.171875 0.481445 0.100000 0.076172
2 0.258594 0.472656 0.057813 0.050781
0 0.026562 0.479492 0.021875 0.044922
1 0.799219 0.531250 0.064062 0.089844
1 0.624219 0.495117 0.014063 0.048828
1 0.601562 0.499023 0.028125 0.060547
2 0.303125 0.464844 0.028125 0.042969
0 0.323437 0.452148 0.009375 0.029297
1 0.321875 0.477539 0.009375 0.025391
2 0.335156 0.463867 0.017188 0.037109
2 0.350000 0.460938 0.015625 0.023438
1 0.077344 0.510742 0.023438 0.064453
1 0.051562 0.520508 0.040625 0.052734
0 0.056250 0.464844 0.009375 0.035156
0 0.010156 0.476562 0.020313 0.085938