2 0.719531 0.483398 0.101562 0.068359
2 0.564063 0.495117 0.068750 0.083984
2 0.439063 0.506836 0.221875 0.150391
2 0.175781 0.526367 0.248438 0.138672
1 0.062500 0.619141 0.121875 0.167969
0 0.800000 0.484375 0.021875 0.082031
0 0.636719 0.479492 0.023438 0.095703
0 0.310937 0.479492 0.031250 0.099609
0 0.608594 0.468750 0.026562 0.070312
0 0.275781 0.461914 0.020313 0.052734
0 0.684375 0.464844 0.018750 0.042969
0 0.088281 0.452148 0.026562 0.060547
0 0.134375 0.452148 0.021875 0.037109
0 0.208594 0.446289 0.023438 0.029297
0 0.375000 0.453125 0.018750 0.039062