1 0.048438 0.528320 0.056250 0.064453
2 0.103125 0.496094 0.200000 0.109375
2 0.316406 0.491211 0.101562 0.076172
2 0.364844 0.483398 0.042188 0.068359
2 0.577344 0.470703 0.048438 0.050781
2 0.621094 0.488281 0.045312 0.078125
2 0.628125 0.503906 0.043750 0.082031
2 0.643750 0.517578 0.050000 0.089844
2 0.713281 0.528320 0.148438 0.169922
2 0.901563 0.705078 0.187500 0.433594
2 0.169531 0.468750 0.076563 0.046875
2 0.392188 0.458984 0.031250 0.035156
2 0.428906 0.467773 0.042188 0.041016
2 0.451562 0.466797 0.025000 0.035156
0 0.549219 0.465820 0.010937 0.037109
0 0.539062 0.465820 0.012500 0.041016
0 0.479687 0.462891 0.015625 0.039062