2 0.892188 0.635742 0.209375 0.396484
2 0.778125 0.571289 0.190625 0.181641
2 0.717969 0.517578 0.145313 0.164062
2 0.640625 0.499023 0.068750 0.076172
2 0.533594 0.451172 0.026562 0.031250
2 0.321094 0.489258 0.101562 0.091797
0 0.577344 0.472656 0.023438 0.074219
0 0.437500 0.463867 0.021875 0.060547
0 0.425781 0.462891 0.020313 0.062500
2 0.232031 0.467773 0.048438 0.056641
2 0.107031 0.529297 0.204687 0.207031
0 0.414062 0.466797 0.018750 0.058594
0 0.485156 0.458984 0.017188 0.042969
1 0.485156 0.470703 0.014063 0.027344
2 0.617969 0.473633 0.073438 0.056641
0 0.792188 0.456055 0.025000 0.048828