2 0.234375 0.461914 0.040625 0.044922
2 0.577344 0.479492 0.070312 0.072266
0 0.254688 0.476562 0.059375 0.121094
0 0.059375 0.572266 0.118750 0.402344
0 0.307031 0.624023 0.135937 0.271484
0 0.392188 0.487305 0.068750 0.138672
1 0.417187 0.548828 0.065625 0.066406
1 0.770312 0.596680 0.162500 0.099609
0 0.770312 0.463867 0.028125 0.076172
0 0.717187 0.460938 0.028125 0.078125
0 0.764062 0.532227 0.093750 0.185547
0 0.170313 0.443359 0.021875 0.042969
2 0.544531 0.466797 0.032813 0.042969
2 0.533594 0.458984 0.029687 0.042969
2 0.516406 0.452148 0.020313 0.029297
0 0.688281 0.453125 0.020313 0.062500
0 0.853906 0.442383 0.029687 0.033203
0 0.987500 0.442383 0.021875 0.037109
2 0.188281 0.463867 0.035937 0.033203