0 0.140625 0.455078 0.025000 0.089844
0 0.164062 0.453125 0.028125 0.085938
0 0.312500 0.456055 0.021875 0.052734
0 0.610156 0.478516 0.029687 0.097656
0 0.646875 0.480469 0.025000 0.082031
0 0.723437 0.477539 0.018750 0.072266
0 0.840625 0.494141 0.028125 0.093750
0 0.868750 0.480469 0.028125 0.082031
0 0.947656 0.490234 0.035937 0.085938
0 0.982031 0.489258 0.029687 0.083984
2 0.547656 0.455078 0.042188 0.027344
2 0.594531 0.462891 0.026562 0.031250
0 0.328906 0.458984 0.020313 0.054688
0 0.339062 0.459961 0.018750 0.052734
0 0.668750 0.462891 0.018750 0.046875
0 0.702344 0.472656 0.023438 0.070312
0 0.737500 0.471680 0.018750 0.064453
0 0.748437 0.475586 0.018750 0.068359
0 0.764844 0.477539 0.023438 0.068359
0 0.787500 0.468750 0.025000 0.046875