0 0.827344 0.449219 0.020313 0.085938
0 0.800781 0.450195 0.023438 0.087891
0 0.906250 0.417969 0.018750 0.035156
2 0.874219 0.605469 0.248438 0.355469
2 0.607031 0.491211 0.132812 0.099609
2 0.550000 0.472656 0.053125 0.085938
2 0.521875 0.462891 0.028125 0.066406
2 0.504687 0.455078 0.018750 0.050781
2 0.486719 0.447266 0.023438 0.035156
2 0.446875 0.461914 0.062500 0.072266
2 0.406250 0.445312 0.028125 0.035156
2 0.375781 0.450195 0.020313 0.033203
2 0.353125 0.455078 0.025000 0.039062
2 0.328906 0.461914 0.026562 0.044922
2 0.308594 0.467773 0.026562 0.056641
2 0.275781 0.471680 0.042188 0.076172
2 0.235156 0.488281 0.070312 0.070312
2 0.128125 0.489258 0.137500 0.138672
2 0.032031 0.527344 0.064062 0.148438
0 0.958594 0.413086 0.029687 0.037109