0 0.739844 0.494141 0.023438 0.078125
0 0.475781 0.455078 0.023438 0.046875
0 0.420312 0.510742 0.037500 0.150391
0 0.389062 0.509766 0.040625 0.144531
0 0.606250 0.452148 0.018750 0.044922
0 0.350000 0.507812 0.034375 0.140625
2 0.040625 0.731445 0.081250 0.283203
2 0.280469 0.527344 0.120313 0.128906
2 0.763281 0.494141 0.057813 0.089844
2 0.921875 0.665039 0.150000 0.244141
2 0.946094 0.853516 0.101562 0.285156
1 0.703906 0.663086 0.042188 0.130859
0 0.707031 0.584961 0.051562 0.224609
2 0.853125 0.497070 0.075000 0.083984
2 0.575781 0.449219 0.035937 0.039062
2 0.558594 0.446289 0.020313 0.029297
2 0.442969 0.457031 0.032813 0.039062