0 0.608594 0.475586 0.026562 0.083984
0 0.635156 0.462891 0.026562 0.105469
0 0.109375 0.492188 0.018750 0.066406
0 0.088281 0.472656 0.026562 0.031250
2 0.808594 0.462891 0.057813 0.078125
2 0.924219 0.421875 0.148438 0.089844
2 0.889062 0.514648 0.215625 0.197266
0 0.591406 0.462891 0.020313 0.058594
0 0.575781 0.460938 0.020313 0.062500
0 0.553125 0.458984 0.018750 0.050781
2 0.728125 0.458984 0.037500 0.058594
2 0.457813 0.461914 0.040625 0.025391
0 0.378906 0.462891 0.010937 0.031250
0 0.421875 0.459961 0.012500 0.029297
0 0.126562 0.490234 0.018750 0.039062