2 0.067187 0.547852 0.134375 0.248047
2 0.242188 0.462891 0.087500 0.066406
2 0.317969 0.475586 0.092188 0.087891
2 0.382031 0.464844 0.054688 0.054688
2 0.415625 0.451172 0.034375 0.054688
0 0.652344 0.459961 0.020313 0.060547
2 0.728125 0.492188 0.078125 0.085938
2 0.915625 0.501953 0.134375 0.117188
2 0.939063 0.511719 0.118750 0.125000
0 0.814844 0.559570 0.073438 0.283203
2 0.668750 0.460938 0.025000 0.054688
2 0.603125 0.452148 0.025000 0.033203
2 0.576562 0.456055 0.040625 0.044922
2 0.535937 0.445312 0.018750 0.023438
2 0.439844 0.452148 0.020313 0.033203
2 0.452344 0.449219 0.023438 0.027344
2 0.463281 0.443359 0.023438 0.027344
2 0.114844 0.447266 0.067187 0.035156