0 0.042969 0.472656 0.023438 0.062500
2 0.964063 0.845703 0.065625 0.300781
2 0.860156 0.680664 0.270313 0.306641
2 0.704688 0.543945 0.143750 0.119141
2 0.279687 0.507812 0.115625 0.117188
2 0.092188 0.614258 0.184375 0.240234
2 0.625000 0.502930 0.068750 0.068359
2 0.601562 0.486328 0.053125 0.050781
2 0.582812 0.467773 0.050000 0.044922
2 0.346094 0.502930 0.042188 0.064453
2 0.366406 0.491211 0.035937 0.052734
2 0.384375 0.487305 0.037500 0.052734
2 0.396875 0.470703 0.043750 0.062500
0 0.426563 0.472656 0.018750 0.054688