2 0.550000 0.478516 0.075000 0.085938
2 0.176563 0.480469 0.062500 0.085938
2 0.043750 0.502930 0.084375 0.119141
0 0.750781 0.524414 0.098437 0.220703
0 0.238281 0.508789 0.073438 0.185547
0 0.132812 0.489258 0.053125 0.134766
0 0.316406 0.472656 0.032813 0.074219
1 0.787500 0.591797 0.093750 0.144531
1 0.670312 0.595703 0.103125 0.136719
1 0.261719 0.573242 0.054688 0.123047
1 0.203125 0.580078 0.046875 0.089844
1 0.138281 0.531250 0.023438 0.089844
1 0.317188 0.504883 0.028125 0.052734
2 0.506250 0.482422 0.021875 0.046875
2 0.499219 0.471680 0.032813 0.044922
2 0.392188 0.474609 0.031250 0.031250
0 0.269531 0.465820 0.029687 0.076172