2 0.092188 0.606445 0.184375 0.197266
2 0.189844 0.538086 0.145313 0.166016
2 0.278125 0.520508 0.071875 0.103516
2 0.322656 0.506836 0.060937 0.076172
2 0.359375 0.476562 0.056250 0.058594
2 0.615625 0.489258 0.075000 0.083984
2 0.633594 0.522461 0.051562 0.083984
2 0.694531 0.542969 0.151562 0.140625
2 0.776563 0.607422 0.212500 0.183594
2 0.893750 0.754883 0.206250 0.384766
2 0.423438 0.456055 0.031250 0.041016
0 0.528906 0.454102 0.020313 0.044922
0 0.513281 0.453125 0.020313 0.050781
2 0.405469 0.467773 0.023438 0.044922
2 0.549219 0.458984 0.029687 0.046875
2 0.571875 0.472656 0.037500 0.058594