0 0.582031 0.563477 0.054688 0.185547
0 0.492188 0.489258 0.031250 0.095703
0 0.458594 0.491211 0.026562 0.091797
0 0.435937 0.487305 0.028125 0.083984
0 0.740625 0.493164 0.018750 0.072266
2 0.822656 0.563477 0.145313 0.126953
2 0.782031 0.641602 0.217188 0.228516
2 0.376563 0.511719 0.096875 0.093750
2 0.253125 0.595703 0.159375 0.179688
2 0.120313 0.674805 0.237500 0.314453
1 0.584375 0.647461 0.037500 0.115234
2 0.914844 0.509766 0.067187 0.093750
2 0.797656 0.479492 0.054688 0.044922
0 0.547656 0.463867 0.020313 0.044922