0 0.946875 0.519531 0.034375 0.140625
0 0.901563 0.526367 0.034375 0.138672
0 0.860938 0.521484 0.018750 0.144531
0 0.840625 0.511719 0.025000 0.125000
0 0.818750 0.520508 0.025000 0.115234
0 0.795312 0.514648 0.012500 0.083984
0 0.743750 0.521484 0.018750 0.089844
0 0.720313 0.515625 0.021875 0.093750
0 0.630469 0.490234 0.017188 0.058594
0 0.675000 0.512695 0.018750 0.076172
0 0.767969 0.519531 0.020313 0.109375
0 0.698438 0.516602 0.021875 0.083984
0 0.657813 0.494141 0.015625 0.058594
2 0.410156 0.451172 0.020313 0.023438
2 0.380469 0.453125 0.026562 0.027344
2 0.453906 0.467773 0.067187 0.029297
2 0.393750 0.476562 0.025000 0.027344
2 0.353125 0.470703 0.021875 0.027344
2 0.371875 0.492188 0.050000 0.042969
2 0.312500 0.496094 0.037500 0.050781
2 0.405469 0.542969 0.073438 0.105469
2 0.497656 0.551758 0.154688 0.146484
0 0.335156 0.490234 0.010937 0.046875
0 0.285156 0.491211 0.017188 0.044922
0 0.228906 0.489258 0.010937 0.052734
0 0.219531 0.497070 0.014063 0.056641
0 0.190625 0.496094 0.015625 0.054688
0 0.171875 0.496094 0.015625 0.050781
0 0.160156 0.497070 0.014063 0.048828
0 0.135937 0.528320 0.021875 0.083984
2 0.075000 0.517578 0.103125 0.082031