2 0.932031 0.485352 0.129688 0.294922
2 0.835938 0.493164 0.056250 0.130859
0 0.767188 0.568359 0.103125 0.402344
0 0.702344 0.521484 0.054688 0.292969
2 0.635156 0.516602 0.079687 0.154297
2 0.582812 0.500977 0.031250 0.095703
2 0.550000 0.492188 0.031250 0.078125
2 0.512500 0.483398 0.046875 0.068359
2 0.478906 0.473633 0.020313 0.052734
2 0.460156 0.470703 0.020313 0.054688
2 0.401562 0.478516 0.106250 0.140625
2 0.339062 0.458008 0.025000 0.037109
2 0.312500 0.462891 0.034375 0.046875
2 0.289062 0.472656 0.043750 0.066406
2 0.248438 0.481445 0.050000 0.091797
2 0.217188 0.488281 0.046875 0.132812
2 0.167187 0.482422 0.046875 0.144531
2 0.137500 0.518555 0.043750 0.154297
2 0.055469 0.490234 0.110937 0.410156