1 0.326562 0.699219 0.068750 0.148438
0 0.927344 0.731445 0.135937 0.458984
2 0.847656 0.662109 0.101562 0.273438
2 0.732031 0.538086 0.123438 0.115234
2 0.659375 0.517578 0.059375 0.089844
2 0.595313 0.450195 0.040625 0.044922
2 0.470313 0.447266 0.040625 0.042969
2 0.440625 0.467773 0.028125 0.052734
2 0.403906 0.466797 0.051562 0.074219
2 0.393750 0.475586 0.037500 0.064453
2 0.360156 0.484375 0.060937 0.089844
2 0.328906 0.494141 0.092188 0.093750
0 0.330469 0.572266 0.104688 0.171875
2 0.185938 0.568359 0.156250 0.167969
2 0.082031 0.645508 0.160938 0.259766
2 0.725000 0.438477 0.062500 0.033203
2 0.681250 0.439453 0.025000 0.035156
2 0.503906 0.441406 0.023438 0.031250
2 0.527344 0.440430 0.023438 0.025391