2 0.907813 0.633789 0.181250 0.212891
2 0.790625 0.546875 0.171875 0.156250
2 0.681250 0.503906 0.081250 0.085938
2 0.656250 0.488281 0.065625 0.070312
2 0.632031 0.476562 0.051562 0.062500
2 0.615625 0.471680 0.053125 0.068359
2 0.570312 0.453125 0.034375 0.035156
0 0.525781 0.450195 0.014063 0.037109
0 0.318750 0.456055 0.018750 0.044922
0 0.336719 0.455078 0.014063 0.046875
0 0.347656 0.455078 0.014063 0.046875
0 0.403906 0.447266 0.010937 0.035156
0 0.412500 0.445312 0.012500 0.039062
2 0.500781 0.446289 0.023438 0.025391
2 0.792969 0.452148 0.029687 0.033203