0 0.656250 0.499023 0.050000 0.150391
0 0.605469 0.477539 0.026562 0.103516
0 0.593750 0.459961 0.028125 0.099609
2 0.818750 0.462891 0.106250 0.109375
2 0.915625 0.489258 0.062500 0.126953
2 0.843750 0.486328 0.046875 0.078125
2 0.471875 0.458008 0.065625 0.060547
2 0.535937 0.456055 0.031250 0.037109
2 0.511719 0.458008 0.029687 0.044922
2 0.710156 0.461914 0.060937 0.060547
2 0.269531 0.456055 0.026562 0.076172
2 0.191406 0.448242 0.120313 0.091797
2 0.071094 0.416016 0.132812 0.066406
2 0.568750 0.458984 0.034375 0.042969