2 0.065625 0.423828 0.131250 0.101562
0 0.030469 0.458008 0.045312 0.115234
1 0.032031 0.494141 0.060937 0.062500
0 0.138281 0.450195 0.035937 0.083984
1 0.139063 0.486328 0.046875 0.042969
0 0.217969 0.443359 0.048438 0.089844
0 0.253125 0.441406 0.040625 0.085938
0 0.302344 0.434570 0.035937 0.068359
1 0.218750 0.470703 0.050000 0.058594
1 0.301563 0.461914 0.037500 0.044922
1 0.259375 0.463867 0.040625 0.044922
2 0.781250 0.424805 0.071875 0.083984
0 0.525000 0.429688 0.018750 0.039062
0 0.489844 0.431641 0.023438 0.050781