2 0.938281 0.388672 0.120313 0.050781
2 0.805469 0.434570 0.085938 0.033203
2 0.830469 0.512695 0.335938 0.212891
0 0.678906 0.454102 0.029687 0.111328
2 0.543750 0.459961 0.062500 0.068359
2 0.501563 0.448242 0.021875 0.041016
2 0.482031 0.449219 0.026562 0.035156
2 0.460938 0.446289 0.021875 0.033203
2 0.400781 0.437500 0.023438 0.027344
2 0.380469 0.442383 0.020313 0.029297
2 0.366406 0.450195 0.023438 0.029297
2 0.337500 0.446289 0.031250 0.041016
2 0.309375 0.444336 0.025000 0.056641
2 0.274219 0.454102 0.073438 0.056641