0 0.082031 0.429688 0.023438 0.078125
0 0.127344 0.429688 0.020313 0.074219
0 0.871875 0.421875 0.040625 0.093750
0 0.913281 0.420898 0.042188 0.115234
0 0.953125 0.425781 0.043750 0.117188
2 0.785156 0.594727 0.426563 0.255859
2 0.628125 0.449219 0.078125 0.089844
2 0.467969 0.432617 0.067187 0.068359
2 0.260156 0.437500 0.076563 0.078125
2 0.174219 0.426758 0.085938 0.091797
2 0.814844 0.416016 0.048438 0.070312
2 0.745313 0.416992 0.059375 0.068359
0 0.706250 0.391602 0.018750 0.033203
2 0.433594 0.417969 0.032813 0.054688
2 0.401562 0.406250 0.025000 0.039062
2 0.717187 0.432617 0.093750 0.052734