2 0.110156 0.555664 0.210938 0.181641
2 0.242188 0.532227 0.081250 0.107422
2 0.285938 0.512695 0.068750 0.091797
2 0.319531 0.500000 0.054688 0.062500
2 0.348438 0.476562 0.065625 0.082031
0 0.454688 0.507812 0.040625 0.132812
0 0.541406 0.503906 0.048438 0.140625
2 0.850000 0.666016 0.296875 0.273438
2 0.757031 0.531250 0.198437 0.203125
2 0.664844 0.513672 0.101562 0.132812
0 0.404687 0.469727 0.018750 0.064453
2 0.219531 0.455078 0.054688 0.035156
2 0.388281 0.465820 0.029687 0.044922
2 0.416406 0.456055 0.020313 0.029297
2 0.471094 0.442383 0.026562 0.029297
1 0.455469 0.547852 0.020313 0.083984
2 0.599219 0.500977 0.048438 0.095703