2 0.241406 0.538086 0.154688 0.126953
0 0.231250 0.462891 0.031250 0.042969
0 0.359375 0.477539 0.075000 0.076172
2 0.412500 0.442383 0.025000 0.029297
2 0.457031 0.440430 0.023438 0.025391
2 0.572656 0.468750 0.032813 0.039062
2 0.557031 0.458984 0.029687 0.027344
2 0.542969 0.455078 0.023438 0.023438
2 0.901563 0.710938 0.193750 0.296875
2 0.807813 0.595703 0.209375 0.199219
2 0.747656 0.521484 0.176563 0.152344
2 0.667969 0.509766 0.079687 0.109375
2 0.635938 0.500977 0.043750 0.087891
2 0.613281 0.492188 0.035937 0.070312
2 0.595313 0.483398 0.034375 0.044922
2 0.118750 0.494141 0.146875 0.105469
2 0.286719 0.465820 0.035937 0.056641