2 0.185156 0.440430 0.092188 0.091797
2 0.242969 0.426758 0.051562 0.060547
2 0.287500 0.436523 0.059375 0.056641
2 0.451562 0.451172 0.059375 0.066406
2 0.600781 0.468750 0.064062 0.074219
2 0.280469 0.533203 0.185938 0.152344
0 0.885938 0.462891 0.046875 0.121094
0 0.846875 0.460938 0.034375 0.128906
0 0.806250 0.462891 0.046875 0.113281
0 0.121094 0.444336 0.026562 0.083984
0 0.084375 0.445312 0.021875 0.074219
2 0.428906 0.428711 0.045312 0.060547
2 0.404687 0.426758 0.025000 0.037109
2 0.339844 0.414062 0.020313 0.023438
2 0.675000 0.450195 0.081250 0.041016
2 0.718750 0.434570 0.046875 0.052734