0 0.207031 0.417969 0.023438 0.035156
0 0.570312 0.463867 0.021875 0.056641
0 0.298438 0.450195 0.021875 0.072266
0 0.264062 0.449219 0.018750 0.070312
2 0.619531 0.479492 0.042188 0.076172
0 0.525000 0.450195 0.018750 0.033203
0 0.465625 0.456055 0.018750 0.041016
0 0.314063 0.453125 0.021875 0.058594
0 0.390625 0.446289 0.018750 0.037109
2 0.667188 0.491211 0.100000 0.103516
1 0.044531 0.486328 0.029687 0.039062
1 0.016406 0.493164 0.032813 0.052734
0 0.704688 0.457031 0.015625 0.042969
0 0.690625 0.443359 0.018750 0.023438