2 0.924219 0.494141 0.148438 0.132812
2 0.624219 0.484375 0.070312 0.097656
2 0.452344 0.472656 0.070312 0.070312
2 0.326562 0.449219 0.059375 0.042969
2 0.294531 0.494141 0.098437 0.070312
2 0.249219 0.463867 0.045312 0.052734
2 0.188281 0.498047 0.110937 0.117188
2 0.118750 0.534180 0.156250 0.150391
2 0.029687 0.534180 0.053125 0.201172
0 0.547656 0.481445 0.035937 0.099609
0 0.579688 0.492188 0.040625 0.117188
0 0.351562 0.473633 0.018750 0.076172
0 0.372656 0.473633 0.020313 0.072266
2 0.770312 0.548828 0.256250 0.238281
2 0.501563 0.461914 0.025000 0.025391
2 0.527344 0.468750 0.026562 0.027344
2 0.385156 0.463867 0.029687 0.064453
2 0.407031 0.465820 0.020313 0.044922