2 0.841406 0.637695 0.301563 0.294922
2 0.746094 0.559570 0.217188 0.212891
2 0.641406 0.510742 0.079687 0.115234
2 0.436719 0.473633 0.070312 0.041016
2 0.289844 0.522461 0.070312 0.072266
2 0.241406 0.541992 0.070312 0.099609
2 0.132031 0.566406 0.179688 0.156250
2 0.064844 0.629883 0.126562 0.177734
0 0.057031 0.504883 0.029687 0.068359
2 0.491406 0.461914 0.032813 0.033203
2 0.509375 0.460938 0.021875 0.027344
2 0.539844 0.454102 0.026562 0.029297
0 0.586719 0.468750 0.023438 0.039062
2 0.933594 0.492188 0.110937 0.101562
0 0.169531 0.457031 0.020313 0.046875
0 0.189844 0.453125 0.020313 0.023438
0 0.204687 0.453125 0.021875 0.027344