2 0.305469 0.502930 0.070312 0.056641
2 0.459375 0.459961 0.043750 0.037109
2 0.583594 0.485352 0.079687 0.072266
2 0.864062 0.497070 0.096875 0.087891
2 0.931250 0.532227 0.131250 0.126953
2 0.707812 0.570312 0.181250 0.152344
0 0.684375 0.464844 0.021875 0.054688
0 0.419531 0.464844 0.017188 0.050781
2 0.339062 0.489258 0.053125 0.056641
2 0.361719 0.481445 0.026562 0.052734
2 0.393750 0.467773 0.046875 0.044922
2 0.547656 0.472656 0.032813 0.050781
2 0.537500 0.462891 0.043750 0.054688
0 0.493750 0.458008 0.018750 0.037109