0 0.516406 0.411133 0.023438 0.072266
0 0.446875 0.408203 0.028125 0.078125
2 0.660156 0.462891 0.145313 0.152344
2 0.264844 0.424805 0.092188 0.083984
2 0.318750 0.415039 0.040625 0.060547
2 0.580469 0.424805 0.054688 0.095703
2 0.619531 0.435547 0.101562 0.113281
2 0.344531 0.408203 0.035937 0.050781
2 0.362500 0.401367 0.031250 0.044922
2 0.382812 0.403320 0.018750 0.033203
2 0.389844 0.398438 0.026562 0.035156
1 0.516406 0.432617 0.020313 0.044922
1 0.450000 0.429688 0.018750 0.050781
2 0.547656 0.422852 0.032813 0.052734