0 0.367188 0.458984 0.018750 0.054688
2 0.539062 0.460938 0.031250 0.039062
2 0.620313 0.484375 0.065625 0.058594
2 0.673438 0.511719 0.078125 0.093750
2 0.728125 0.534180 0.112500 0.134766
2 0.824219 0.560547 0.182812 0.199219
2 0.906250 0.633789 0.184375 0.404297
2 0.235937 0.461914 0.115625 0.056641
2 0.125781 0.441406 0.101562 0.070312
2 0.583594 0.469727 0.035937 0.044922
2 0.389844 0.458008 0.029687 0.041016
2 0.109375 0.458984 0.068750 0.066406
2 0.044531 0.449219 0.073438 0.085938
2 0.480469 0.456055 0.026562 0.025391
2 0.326562 0.453125 0.025000 0.042969
2 0.257031 0.448242 0.082812 0.060547