2 0.053906 0.536133 0.101562 0.197266
2 0.174219 0.470703 0.057813 0.050781
2 0.263281 0.449219 0.082812 0.039062
2 0.335938 0.476562 0.059375 0.089844
2 0.209375 0.506836 0.125000 0.091797
2 0.404687 0.484375 0.103125 0.074219
2 0.491406 0.465820 0.029687 0.025391
2 0.706250 0.477539 0.050000 0.072266
2 0.635938 0.500977 0.109375 0.123047
0 0.275781 0.491211 0.026562 0.103516
0 0.298438 0.486328 0.028125 0.109375
0 0.534375 0.453125 0.025000 0.050781
0 0.534375 0.493164 0.028125 0.091797
0 0.568750 0.500000 0.050000 0.140625
2 0.852344 0.669922 0.292187 0.511719