2 0.160156 0.507812 0.157812 0.140625
2 0.417969 0.480469 0.045312 0.050781
2 0.597656 0.487305 0.026562 0.044922
2 0.621875 0.494141 0.043750 0.074219
2 0.665625 0.506836 0.093750 0.087891
2 0.696094 0.537109 0.073438 0.121094
2 0.846875 0.563477 0.303125 0.314453
0 0.582812 0.482422 0.018750 0.070312
0 0.571875 0.475586 0.018750 0.052734
2 0.537500 0.460938 0.025000 0.031250
2 0.081250 0.551758 0.146875 0.220703
2 0.347656 0.488281 0.095312 0.085938
0 0.489844 0.463867 0.014063 0.029297
0 0.473438 0.472656 0.012500 0.046875
0 0.460938 0.470703 0.012500 0.050781
0 0.454688 0.474609 0.009375 0.042969