1 0.125000 0.650391 0.081250 0.156250
1 0.542188 0.597656 0.025000 0.101562
0 0.636719 0.556641 0.048438 0.167969
0 0.546094 0.534180 0.051562 0.169922
0 0.129688 0.587891 0.059375 0.183594
2 0.808594 0.582031 0.254688 0.230469
2 0.707812 0.473633 0.081250 0.064453
2 0.855469 0.463867 0.126562 0.037109
2 0.215625 0.535156 0.121875 0.136719
2 0.289844 0.507812 0.085938 0.109375
2 0.337500 0.499023 0.050000 0.072266
2 0.351562 0.478516 0.075000 0.082031
2 0.428125 0.461914 0.037500 0.041016
0 0.656250 0.449219 0.018750 0.039062
0 0.484375 0.451172 0.015625 0.050781
0 0.472656 0.449219 0.014063 0.042969
0 0.460938 0.453125 0.015625 0.046875
2 0.639844 0.494141 0.076563 0.066406
2 0.971875 0.553711 0.050000 0.138672
2 0.956250 0.465820 0.081250 0.076172