0 0.549219 0.564453 0.060937 0.214844
0 0.485938 0.469727 0.025000 0.072266
0 0.462500 0.470703 0.025000 0.070312
0 0.443750 0.470703 0.025000 0.070312
1 0.550000 0.623047 0.025000 0.113281
2 0.913281 0.497070 0.120313 0.056641
2 0.957031 0.533203 0.082812 0.117188
2 0.868750 0.618164 0.256250 0.197266
2 0.690625 0.510742 0.078125 0.087891
2 0.631250 0.528320 0.100000 0.123047
2 0.398438 0.483398 0.062500 0.068359
2 0.358594 0.510742 0.048438 0.083984
2 0.301563 0.535156 0.103125 0.132812
2 0.194531 0.546875 0.173437 0.226562
2 0.092969 0.649414 0.185938 0.240234
2 0.764844 0.485352 0.048438 0.052734
0 0.701562 0.458984 0.018750 0.027344