2 0.658594 0.505859 0.082812 0.082031
2 0.611719 0.477539 0.035937 0.056641
2 0.550000 0.464844 0.037500 0.039062
2 0.796875 0.562500 0.187500 0.156250
2 0.906250 0.635742 0.184375 0.283203
2 0.379688 0.459961 0.065625 0.041016
2 0.157812 0.469727 0.168750 0.076172
2 0.200000 0.453125 0.084375 0.070312
0 0.348438 0.467773 0.021875 0.068359
2 0.040625 0.460938 0.068750 0.101562
2 0.301563 0.458008 0.046875 0.044922
2 0.269531 0.460938 0.026562 0.066406
2 0.485938 0.459961 0.025000 0.025391
2 0.586719 0.473633 0.026562 0.041016
2 0.014844 0.481445 0.029687 0.064453