2 0.179688 0.506836 0.203125 0.146484
2 0.309375 0.457031 0.050000 0.039062
2 0.814844 0.497070 0.285938 0.044922
2 0.852344 0.465820 0.120313 0.044922
2 0.517188 0.496094 0.090625 0.082031
2 0.478906 0.476562 0.051562 0.062500
2 0.402344 0.461914 0.029687 0.029297
0 0.226562 0.416016 0.025000 0.039062
0 0.201563 0.419922 0.025000 0.027344
2 0.267969 0.461914 0.035937 0.056641
2 0.339062 0.456055 0.025000 0.033203
0 0.432031 0.461914 0.014063 0.037109
0 0.376563 0.457031 0.015625 0.039062
2 0.464062 0.460938 0.040625 0.054688
2 0.733594 0.547852 0.117188 0.052734