2 0.921094 0.570312 0.154688 0.261719
2 0.812500 0.538086 0.240625 0.181641
2 0.698438 0.513672 0.112500 0.128906
2 0.633594 0.493164 0.107813 0.111328
2 0.587500 0.485352 0.056250 0.083984
2 0.556250 0.482422 0.046875 0.058594
2 0.532031 0.473633 0.042188 0.056641
2 0.510156 0.470703 0.035937 0.054688
2 0.033594 0.518555 0.067187 0.134766
2 0.100000 0.503906 0.121875 0.121094
2 0.177344 0.499023 0.067187 0.087891
2 0.239063 0.482422 0.075000 0.074219
2 0.284375 0.482422 0.040625 0.050781
1 0.388281 0.477539 0.020313 0.021484
2 0.357031 0.468750 0.029687 0.027344
2 0.479687 0.462891 0.028125 0.027344
2 0.773438 0.439453 0.087500 0.019531
2 0.462500 0.466797 0.025000 0.027344
2 0.446875 0.460938 0.009375 0.015625
2 0.439063 0.462891 0.009375 0.015625
0 0.388281 0.454102 0.014063 0.025391