0 0.550781 0.478516 0.020313 0.046875
0 0.564844 0.475586 0.023438 0.052734
0 0.399219 0.464844 0.020313 0.050781
2 0.035156 0.509766 0.070312 0.214844
2 0.121875 0.525391 0.118750 0.152344
2 0.678125 0.518555 0.140625 0.138672
2 0.734375 0.573242 0.200000 0.193359
2 0.849219 0.650391 0.292187 0.304688
2 0.332813 0.465820 0.046875 0.033203
2 0.818750 0.466797 0.125000 0.066406
2 0.466406 0.471680 0.035937 0.037109
0 0.441406 0.464844 0.023438 0.042969
0 0.425000 0.464844 0.021875 0.042969
0 0.385156 0.462891 0.020313 0.050781
0 0.352344 0.460938 0.020313 0.042969
2 0.186719 0.468750 0.079687 0.085938