2 0.970313 0.570312 0.050000 0.160156
2 0.854688 0.524414 0.193750 0.119141
2 0.716406 0.479492 0.054688 0.064453
2 0.650781 0.487305 0.048438 0.076172
2 0.640625 0.472656 0.062500 0.078125
0 0.934375 0.711914 0.112500 0.380859
0 0.514062 0.466797 0.018750 0.062500
1 0.926562 0.849609 0.090625 0.230469
2 0.476562 0.466797 0.043750 0.046875
2 0.281250 0.490234 0.065625 0.058594
0 0.155469 0.496094 0.029687 0.078125
2 0.310156 0.480469 0.020313 0.039062
2 0.339062 0.462891 0.021875 0.027344
2 0.356250 0.460938 0.018750 0.023438