2 0.980469 0.498047 0.032813 0.085938
2 0.885938 0.475586 0.043750 0.072266
2 0.808594 0.461914 0.057813 0.068359
0 0.934375 0.500000 0.075000 0.335938
0 0.643750 0.468750 0.021875 0.066406
0 0.621875 0.467773 0.025000 0.068359
0 0.604688 0.461914 0.018750 0.064453
2 0.459375 0.458008 0.043750 0.033203
0 0.172656 0.479492 0.020313 0.041016
0 0.112500 0.489258 0.018750 0.052734
0 0.364063 0.462891 0.012500 0.027344
0 0.378125 0.461914 0.012500 0.025391
0 0.550781 0.458984 0.014063 0.042969
2 0.727344 0.461914 0.035937 0.056641
0 0.128125 0.490234 0.018750 0.035156