0 0.781250 0.655273 0.100000 0.380859
0 0.590625 0.559570 0.068750 0.197266
1 0.583594 0.625977 0.029687 0.119141
2 0.899219 0.713867 0.192188 0.396484
2 0.724219 0.606445 0.107813 0.201172
2 0.399219 0.488281 0.095312 0.101562
2 0.297656 0.499023 0.082812 0.076172
2 0.226562 0.535156 0.103125 0.109375
2 0.151562 0.572266 0.137500 0.152344
2 0.057813 0.603516 0.115625 0.226562
2 0.550781 0.447266 0.026562 0.039062
2 0.537500 0.436523 0.025000 0.041016
2 0.684375 0.464844 0.040625 0.066406
2 0.249219 0.467773 0.045312 0.052734