2 0.810156 0.462891 0.064062 0.062500
2 0.921875 0.445312 0.140625 0.125000
2 0.947656 0.495117 0.085938 0.107422
2 0.690625 0.563477 0.481250 0.228516
0 0.666406 0.432617 0.032813 0.044922
0 0.159375 0.490234 0.021875 0.062500
0 0.136719 0.491211 0.020313 0.064453
0 0.553906 0.458008 0.020313 0.041016
0 0.582031 0.456055 0.023438 0.052734
0 0.687500 0.432617 0.028125 0.037109
2 0.457031 0.460938 0.035937 0.027344
0 0.377344 0.462891 0.010937 0.031250
0 0.371875 0.464844 0.009375 0.031250
0 0.127344 0.487305 0.023438 0.033203
0 0.112500 0.498047 0.028125 0.050781