2 0.707031 0.458008 0.023438 0.017578
2 0.607031 0.459961 0.035937 0.029297
2 0.645312 0.459961 0.028125 0.041016
2 0.479687 0.467773 0.065625 0.072266
0 0.431250 0.486328 0.034375 0.152344
2 0.296094 0.457031 0.029687 0.027344
2 0.249219 0.452148 0.020313 0.029297
2 0.166406 0.454102 0.057813 0.029297
2 0.134375 0.458008 0.040625 0.029297
2 0.105469 0.452148 0.042188 0.037109
2 0.043750 0.451172 0.046875 0.039062
2 0.032813 0.459961 0.062500 0.033203
0 0.982031 0.483398 0.023438 0.083984
2 0.547656 0.467773 0.067187 0.064453