2 0.927344 0.569336 0.142187 0.326172
2 0.775781 0.518555 0.245312 0.212891
2 0.648438 0.505859 0.103125 0.121094
2 0.598437 0.496094 0.071875 0.085938
2 0.146094 0.496094 0.114062 0.089844
2 0.496094 0.473633 0.017188 0.029297
2 0.338281 0.475586 0.023438 0.037109
1 0.510156 0.496094 0.045312 0.031250
0 0.515625 0.470703 0.018750 0.035156
2 0.482812 0.471680 0.018750 0.037109
2 0.469531 0.468750 0.020313 0.031250
2 0.452344 0.468750 0.020313 0.023438
2 0.387500 0.470703 0.018750 0.027344
2 0.375000 0.471680 0.018750 0.025391
2 0.354687 0.470703 0.028125 0.035156
2 0.310937 0.479492 0.046875 0.041016