2 0.053125 0.553711 0.103125 0.193359
2 0.636719 0.484375 0.073438 0.089844
2 0.660156 0.502930 0.082812 0.095703
2 0.741406 0.529297 0.157812 0.164062
2 0.846875 0.599609 0.281250 0.253906
0 0.881250 0.472656 0.053125 0.054688
0 0.973437 0.541992 0.046875 0.224609
0 0.593750 0.489258 0.034375 0.115234
0 0.374219 0.478516 0.023438 0.085938
0 0.354687 0.453125 0.021875 0.062500
1 0.332031 0.517578 0.035937 0.078125
0 0.334375 0.480469 0.040625 0.085938
2 0.537500 0.452148 0.025000 0.029297
2 0.575000 0.464844 0.021875 0.035156
2 0.446094 0.451172 0.026562 0.027344
0 0.464062 0.452148 0.012500 0.029297
2 0.496094 0.447266 0.014063 0.015625
2 0.074219 0.490234 0.104688 0.097656
2 0.401562 0.454102 0.040625 0.033203