2 0.286719 0.418945 0.154688 0.091797
2 0.164844 0.416016 0.073438 0.066406
0 0.260937 0.450195 0.037500 0.091797
0 0.321094 0.457031 0.048438 0.089844
1 0.260937 0.501953 0.068750 0.074219
1 0.324219 0.496094 0.048438 0.042969
1 0.376563 0.487305 0.037500 0.041016
0 0.378906 0.446289 0.032813 0.072266
0 0.413281 0.427734 0.035937 0.097656
0 0.442969 0.432617 0.026562 0.076172
1 0.416406 0.481445 0.029687 0.068359
1 0.443750 0.474609 0.031250 0.054688
0 0.485156 0.429688 0.035937 0.089844
1 0.486719 0.468750 0.045312 0.046875
0 0.530469 0.445312 0.032813 0.078125
1 0.531250 0.469727 0.046875 0.044922
0 0.586719 0.438477 0.045312 0.072266
1 0.589063 0.469727 0.040625 0.041016
1 0.205469 0.505859 0.098437 0.054688
0 0.200781 0.458008 0.045312 0.103516