1 0.714844 0.617188 0.092188 0.191406
1 0.537500 0.524414 0.021875 0.119141
1 0.450000 0.528320 0.021875 0.107422
1 0.393750 0.580078 0.028125 0.171875
1 0.855469 0.519531 0.073438 0.175781
1 0.071875 0.484375 0.040625 0.082031
1 0.139063 0.484375 0.025000 0.066406
2 0.278125 0.464844 0.056250 0.050781
0 0.713281 0.471680 0.092188 0.287109
0 0.809375 0.403320 0.025000 0.056641
0 0.500000 0.446289 0.012500 0.044922
0 0.482812 0.447266 0.015625 0.042969
0 0.538281 0.464844 0.054688 0.210938
0 0.450781 0.470703 0.048438 0.183594
0 0.386719 0.494141 0.079687 0.281250
2 0.334375 0.455078 0.034375 0.031250