0 0.851562 0.450195 0.034375 0.072266
0 0.115625 0.469727 0.025000 0.087891
1 0.185156 0.540039 0.032813 0.068359
1 0.097656 0.498047 0.020313 0.074219
2 0.885156 0.508789 0.226562 0.166016
2 0.620313 0.501953 0.131250 0.113281
2 0.552344 0.486328 0.060937 0.082031
2 0.439844 0.482422 0.067187 0.066406
1 0.707031 0.496094 0.026562 0.046875
2 0.408594 0.462891 0.020313 0.027344
0 0.296875 0.453125 0.012500 0.027344
1 0.242969 0.490234 0.029687 0.039062
0 0.185938 0.468750 0.028125 0.078125
1 0.153125 0.510742 0.021875 0.044922
1 0.050000 0.500977 0.031250 0.041016
1 0.016406 0.496094 0.032813 0.054688
0 0.343750 0.465820 0.012500 0.041016