2 0.036719 0.534180 0.073438 0.169922
2 0.075000 0.458984 0.143750 0.105469
2 0.189062 0.470703 0.037500 0.046875
2 0.317969 0.464844 0.042188 0.039062
2 0.425781 0.464844 0.032813 0.035156
2 0.723437 0.539062 0.196875 0.187500
2 0.838281 0.625000 0.320312 0.269531
2 0.904687 0.783203 0.184375 0.429688
0 0.568750 0.484375 0.031250 0.050781
2 0.867969 0.468750 0.142187 0.074219
2 0.462500 0.467773 0.037500 0.037109
2 0.122656 0.461914 0.104688 0.087891
0 0.389062 0.464844 0.021875 0.054688
0 0.376563 0.463867 0.018750 0.052734
0 0.364844 0.463867 0.020313 0.052734
0 0.403125 0.464844 0.018750 0.046875