0 0.767188 0.503906 0.018750 0.117188
0 0.701562 0.500000 0.078125 0.156250
2 0.550781 0.505859 0.076563 0.062500
2 0.498437 0.498047 0.034375 0.046875
2 0.439844 0.503906 0.026562 0.027344
2 0.408594 0.502930 0.032813 0.033203
2 0.381250 0.499023 0.028125 0.037109
2 0.350781 0.496094 0.023438 0.035156
2 0.321875 0.494141 0.028125 0.035156
2 0.293750 0.499023 0.031250 0.041016
2 0.264062 0.500000 0.028125 0.039062
2 0.232813 0.495117 0.031250 0.044922
2 0.202344 0.498047 0.029687 0.050781
2 0.111719 0.527344 0.167187 0.132812
2 0.042969 0.503906 0.085938 0.093750