2 0.099219 0.667969 0.192188 0.292969
2 0.033594 0.492188 0.067187 0.070312
2 0.098437 0.466797 0.168750 0.105469
2 0.215625 0.467773 0.084375 0.052734
0 0.270313 0.486328 0.025000 0.082031
2 0.492969 0.436523 0.026562 0.025391
2 0.577344 0.479492 0.048438 0.052734
2 0.644531 0.501953 0.104688 0.093750
2 0.680469 0.555664 0.160938 0.150391
2 0.820312 0.623047 0.278125 0.226562
2 0.329688 0.458984 0.056250 0.035156
2 0.436719 0.448242 0.029687 0.025391
2 0.545312 0.458008 0.031250 0.037109
2 0.239063 0.447266 0.050000 0.035156