2 0.068750 0.418945 0.134375 0.044922
2 0.193750 0.430664 0.125000 0.103516
2 0.464844 0.438477 0.070312 0.060547
2 0.501563 0.429688 0.040625 0.054688
2 0.529687 0.427734 0.034375 0.050781
2 0.728125 0.435547 0.062500 0.074219
2 0.875781 0.450195 0.085938 0.076172
2 0.927344 0.458008 0.070312 0.107422
1 0.068750 0.598633 0.137500 0.115234
0 0.056250 0.544922 0.056250 0.195312
2 0.567969 0.418945 0.045312 0.044922
2 0.590625 0.416016 0.028125 0.039062
2 0.616406 0.409180 0.026562 0.033203
2 0.872656 0.429688 0.110937 0.078125