2 0.614062 0.482422 0.034375 0.066406
0 0.585938 0.464844 0.025000 0.050781
0 0.292187 0.461914 0.021875 0.072266
0 0.315625 0.458008 0.021875 0.068359
2 0.654687 0.496094 0.090625 0.097656
0 0.685156 0.454102 0.020313 0.033203
0 0.550000 0.458008 0.018750 0.033203
0 0.539062 0.457031 0.012500 0.035156
0 0.532813 0.457031 0.012500 0.035156
0 0.478125 0.459961 0.015625 0.037109
0 0.334375 0.458008 0.018750 0.052734
0 0.343750 0.457031 0.018750 0.054688
0 0.403125 0.452148 0.015625 0.029297
1 0.017188 0.503906 0.034375 0.039062
1 0.075000 0.493164 0.031250 0.041016