1 0.136719 0.514648 0.029687 0.083984
2 0.821875 0.517578 0.278125 0.230469
2 0.691406 0.481445 0.148438 0.173828
2 0.617188 0.486328 0.050000 0.105469
2 0.585938 0.484375 0.056250 0.082031
2 0.031250 0.476562 0.062500 0.101562
2 0.505469 0.458008 0.045312 0.052734
2 0.478125 0.458984 0.018750 0.039062
2 0.464844 0.457031 0.020313 0.027344
2 0.451562 0.456055 0.015625 0.021484
2 0.439063 0.457031 0.012500 0.019531
2 0.398438 0.456055 0.015625 0.017578
2 0.382812 0.458984 0.021875 0.023438
2 0.363281 0.461914 0.020313 0.029297
2 0.343750 0.459961 0.018750 0.037109
2 0.316406 0.461914 0.045312 0.041016
0 0.142969 0.444336 0.035937 0.068359