0 0.689063 0.482422 0.040625 0.097656
0 0.856250 0.473633 0.031250 0.087891
0 0.873437 0.473633 0.034375 0.083984
0 0.942187 0.492188 0.043750 0.132812
0 0.240625 0.451172 0.021875 0.058594
0 0.345313 0.445312 0.021875 0.046875
0 0.160938 0.501953 0.031250 0.093750
0 0.350000 0.542969 0.081250 0.175781
2 0.558594 0.470703 0.060937 0.058594
2 0.534375 0.457031 0.043750 0.050781
2 0.428125 0.428711 0.025000 0.025391
1 0.337500 0.617188 0.134375 0.109375
0 0.021094 0.485352 0.023438 0.119141
0 0.092188 0.458008 0.028125 0.041016
2 0.496875 0.438477 0.037500 0.033203
2 0.098437 0.450195 0.071875 0.033203
0 0.042969 0.497070 0.045312 0.095703
0 0.982812 0.495117 0.031250 0.123047
1 0.214062 0.481445 0.025000 0.029297