2 0.096094 0.503906 0.148438 0.101562
2 0.489844 0.460938 0.023438 0.027344
2 0.443750 0.471680 0.056250 0.052734
0 0.654687 0.494141 0.043750 0.132812
1 0.656250 0.541016 0.031250 0.070312
0 0.864844 0.507812 0.042188 0.074219
0 0.910156 0.512695 0.032813 0.068359
0 0.936719 0.494141 0.026562 0.054688
2 0.146094 0.459961 0.060937 0.052734
2 0.185156 0.461914 0.035937 0.044922
2 0.214062 0.456055 0.031250 0.041016
2 0.245312 0.459961 0.025000 0.044922
0 0.305469 0.460938 0.017188 0.046875
0 0.325000 0.458984 0.015625 0.054688
0 0.342969 0.455078 0.014063 0.046875
0 0.352344 0.457031 0.014063 0.050781
0 0.678125 0.470703 0.021875 0.058594
0 0.637500 0.466797 0.018750 0.046875