0 0.607812 0.491211 0.028125 0.072266
2 0.843750 0.617188 0.300000 0.316406
2 0.915625 0.716797 0.165625 0.425781
2 0.469531 0.454102 0.045312 0.037109
2 0.260937 0.446289 0.078125 0.044922
2 0.214062 0.478516 0.125000 0.062500
0 0.085938 0.461914 0.025000 0.056641
0 0.062500 0.460938 0.018750 0.054688
0 0.011719 0.441406 0.023438 0.070312
2 0.331250 0.440430 0.053125 0.052734
2 0.510938 0.448242 0.025000 0.033203
2 0.632031 0.454102 0.035937 0.044922
1 0.596094 0.500000 0.032813 0.046875
2 0.043750 0.521484 0.087500 0.109375