2 0.316406 0.430664 0.082812 0.072266
2 0.178125 0.424805 0.078125 0.064453
0 0.228125 0.413086 0.021875 0.083984
0 0.259375 0.414062 0.025000 0.085938
0 0.431250 0.499023 0.071875 0.212891
0 0.490625 0.503906 0.050000 0.187500
0 0.525000 0.458984 0.034375 0.152344
0 0.588281 0.437500 0.045312 0.089844
0 0.558594 0.510742 0.082812 0.220703
0 0.622656 0.512695 0.067187 0.208984
0 0.715625 0.517578 0.100000 0.250000
0 0.764844 0.508789 0.060937 0.244141
0 0.837500 0.514648 0.075000 0.220703
0 0.866406 0.503906 0.032813 0.195312
0 0.904687 0.468750 0.046875 0.164062
0 0.923438 0.541016 0.109375 0.257812
0 0.968750 0.508789 0.059375 0.248047
2 0.359375 0.415039 0.025000 0.029297
0 0.390625 0.413086 0.012500 0.037109