0 0.946875 0.538086 0.103125 0.216797
0 0.700781 0.517578 0.073438 0.187500
0 0.643750 0.511719 0.081250 0.199219
0 0.560156 0.516602 0.045312 0.189453
0 0.496875 0.508789 0.056250 0.181641
0 0.457813 0.506836 0.065625 0.181641
0 0.427344 0.483398 0.051562 0.138672
0 0.365625 0.502930 0.043750 0.158203
0 0.321875 0.477539 0.050000 0.166016
0 0.259375 0.418945 0.025000 0.076172
0 0.240625 0.429688 0.025000 0.066406
2 0.189062 0.438477 0.068750 0.064453
2 0.282031 0.420898 0.026562 0.041016
0 0.505469 0.433594 0.032813 0.066406
0 0.540625 0.505859 0.025000 0.167969
0 0.592187 0.466797 0.018750 0.082031
0 0.585938 0.494141 0.028125 0.160156