2 0.070312 0.546875 0.137500 0.230469
2 0.168750 0.521484 0.103125 0.144531
2 0.306250 0.480469 0.106250 0.097656
2 0.364063 0.475586 0.037500 0.064453
2 0.400000 0.469727 0.037500 0.044922
2 0.414844 0.455078 0.042188 0.046875
2 0.700781 0.530273 0.157812 0.146484
2 0.510938 0.454102 0.043750 0.041016
0 0.540625 0.465820 0.021875 0.060547
0 0.557813 0.466797 0.025000 0.078125
0 0.442188 0.454102 0.018750 0.044922
2 0.590625 0.463867 0.034375 0.056641
2 0.624219 0.477539 0.073438 0.087891
2 0.372656 0.466797 0.042188 0.062500
2 0.818750 0.492188 0.068750 0.078125
2 0.908594 0.504883 0.067187 0.115234
2 0.743750 0.445312 0.081250 0.031250
0 0.478906 0.456055 0.014063 0.037109
0 0.468750 0.454102 0.009375 0.044922
0 0.456250 0.460938 0.012500 0.046875