0 0.578906 0.470703 0.026562 0.078125
0 0.741406 0.475586 0.023438 0.115234
0 0.784375 0.476562 0.028125 0.097656
0 0.305469 0.478516 0.032813 0.070312
0 0.212500 0.475586 0.040625 0.076172
0 0.387500 0.443359 0.021875 0.035156
0 0.168750 0.460938 0.025000 0.054688
0 0.139844 0.466797 0.026562 0.062500
0 0.688281 0.481445 0.035937 0.091797
1 0.683594 0.519531 0.079687 0.058594
1 0.922656 0.699219 0.151562 0.222656
0 0.078125 0.459961 0.018750 0.037109
2 0.558594 0.462891 0.042188 0.046875
2 0.507031 0.441406 0.026562 0.027344
0 0.021875 0.485352 0.028125 0.056641
1 0.028125 0.516602 0.056250 0.037109
2 0.535937 0.456055 0.021875 0.041016
2 0.523438 0.449219 0.021875 0.031250