2 0.085156 0.617188 0.170313 0.261719
2 0.232813 0.528320 0.137500 0.142578
2 0.314063 0.511719 0.053125 0.089844
2 0.395313 0.464844 0.053125 0.058594
2 0.570312 0.467773 0.037500 0.044922
2 0.602344 0.496094 0.035937 0.058594
2 0.645312 0.524414 0.056250 0.091797
2 0.718750 0.554688 0.171875 0.175781
2 0.825000 0.628906 0.262500 0.207031
2 0.923438 0.765625 0.146875 0.273438
2 0.433594 0.453125 0.029687 0.035156
2 0.443750 0.444336 0.028125 0.033203
2 0.548438 0.447266 0.034375 0.042969
2 0.531250 0.450195 0.021875 0.029297
0 0.519531 0.445312 0.020313 0.035156
0 0.476562 0.446289 0.018750 0.041016
0 0.489063 0.444336 0.018750 0.037109