0 0.290625 0.444336 0.031250 0.064453
0 0.753906 0.475586 0.032813 0.083984
2 0.134375 0.473633 0.100000 0.087891
2 0.225000 0.501953 0.171875 0.148438
2 0.354687 0.478516 0.093750 0.078125
2 0.385156 0.463867 0.060937 0.064453
2 0.416406 0.455078 0.042188 0.054688
2 0.610156 0.461914 0.051562 0.052734
2 0.691406 0.460938 0.042188 0.046875
2 0.710156 0.468750 0.054688 0.062500
2 0.907813 0.524414 0.178125 0.134766
2 0.442188 0.455078 0.021875 0.039062
2 0.479687 0.445312 0.025000 0.035156
2 0.559375 0.447266 0.021875 0.023438
2 0.642188 0.457031 0.025000 0.039062
2 0.453906 0.455078 0.020313 0.031250