0 0.059375 0.647461 0.103125 0.294922
1 0.046094 0.757812 0.057813 0.160156
2 0.096875 0.562500 0.184375 0.191406
2 0.220312 0.523438 0.106250 0.132812
2 0.279687 0.492188 0.103125 0.101562
2 0.338281 0.490234 0.048438 0.074219
2 0.409375 0.455078 0.050000 0.042969
2 0.454688 0.440430 0.034375 0.037109
2 0.570312 0.460938 0.046875 0.039062
2 0.655469 0.537109 0.117188 0.117188
2 0.773438 0.571289 0.206250 0.189453
2 0.867188 0.677734 0.262500 0.296875
2 0.902344 0.453125 0.095312 0.035156
2 0.751563 0.437500 0.100000 0.054688
2 0.685937 0.439453 0.037500 0.046875
2 0.495312 0.441406 0.021875 0.027344