0 0.959375 0.575195 0.078125 0.568359
2 0.810937 0.458008 0.053125 0.083984
2 0.918750 0.447266 0.140625 0.132812
0 0.682031 0.468750 0.020313 0.093750
0 0.663281 0.468750 0.020313 0.105469
0 0.643750 0.470703 0.021875 0.105469
0 0.144531 0.492188 0.023438 0.070312
0 0.597656 0.459961 0.017188 0.060547
2 0.726562 0.459961 0.034375 0.052734
2 0.415625 0.463867 0.031250 0.029297
2 0.445312 0.466797 0.043750 0.039062
0 0.125781 0.490234 0.023438 0.062500
0 0.548438 0.458984 0.015625 0.046875
0 0.380469 0.464844 0.020313 0.042969