2 0.421875 0.472656 0.056250 0.054688
2 0.809375 0.463867 0.053125 0.083984
2 0.924219 0.445312 0.135937 0.144531
2 0.950000 0.489258 0.096875 0.103516
0 0.763281 0.484375 0.035937 0.125000
0 0.721875 0.477539 0.046875 0.150391
0 0.656250 0.472656 0.031250 0.101562
0 0.585156 0.466797 0.023438 0.062500
0 0.605469 0.461914 0.026562 0.064453
0 0.557813 0.460938 0.012500 0.050781
0 0.547656 0.458984 0.010937 0.046875
0 0.168750 0.481445 0.018750 0.044922
0 0.111719 0.489258 0.023438 0.052734
0 0.382812 0.460938 0.012500 0.031250