2 0.039844 0.553711 0.073438 0.177734
2 0.130469 0.534180 0.176563 0.138672
2 0.271875 0.503906 0.106250 0.085938
2 0.339844 0.484375 0.051562 0.070312
2 0.548438 0.460938 0.034375 0.035156
2 0.448437 0.461914 0.028125 0.037109
2 0.623437 0.490234 0.053125 0.066406
2 0.675781 0.525391 0.132812 0.128906
2 0.803125 0.490234 0.068750 0.074219
2 0.876563 0.501953 0.128125 0.105469
0 0.695312 0.452148 0.025000 0.029297
2 0.365625 0.480469 0.031250 0.062500
2 0.387500 0.472656 0.056250 0.062500
2 0.424219 0.471680 0.020313 0.044922
2 0.468750 0.461914 0.018750 0.029297
2 0.485938 0.458984 0.021875 0.031250