0 0.528906 0.464844 0.020313 0.058594
2 0.951562 0.844727 0.090625 0.240234
2 0.871094 0.669922 0.254688 0.257812
2 0.746094 0.547852 0.217188 0.197266
2 0.650781 0.519531 0.054688 0.097656
2 0.613281 0.494141 0.076563 0.105469
2 0.357812 0.479492 0.062500 0.087891
2 0.321875 0.498047 0.062500 0.085938
2 0.286719 0.514648 0.067187 0.091797
2 0.238281 0.532227 0.095312 0.115234
2 0.168750 0.565430 0.134375 0.146484
0 0.082812 0.500977 0.037500 0.060547
2 0.070312 0.605469 0.134375 0.238281
0 0.548438 0.463867 0.021875 0.060547
2 0.407813 0.458008 0.031250 0.041016
2 0.429688 0.456055 0.025000 0.033203
2 0.440625 0.452148 0.018750 0.029297
2 0.925000 0.497070 0.087500 0.060547