2 0.103906 0.623047 0.204687 0.230469
2 0.207031 0.559570 0.126562 0.158203
0 0.304688 0.612305 0.100000 0.255859
2 0.336719 0.498047 0.076563 0.101562
2 0.378906 0.480469 0.042188 0.070312
2 0.399219 0.477539 0.032813 0.064453
2 0.407813 0.468750 0.046875 0.082031
2 0.475000 0.450195 0.040625 0.033203
2 0.592187 0.454102 0.031250 0.037109
2 0.660937 0.506836 0.065625 0.076172
2 0.715625 0.535156 0.115625 0.109375
0 0.934375 0.727539 0.125000 0.462891
1 0.296094 0.699219 0.085938 0.164062
2 0.839844 0.648438 0.167187 0.324219