1 0.302344 0.491211 0.098437 0.091797
0 0.302344 0.468750 0.042188 0.136719
0 0.429688 0.460938 0.050000 0.101562
1 0.417187 0.493164 0.040625 0.076172
1 0.128125 0.501953 0.062500 0.097656
1 0.203906 0.509766 0.054688 0.082031
0 0.163281 0.451172 0.057813 0.160156
0 0.506250 0.437500 0.056250 0.128906
1 0.509375 0.496094 0.056250 0.066406
0 0.575000 0.437500 0.043750 0.105469
0 0.601562 0.429688 0.021875 0.062500
0 0.668750 0.441406 0.040625 0.078125
1 0.668750 0.476562 0.040625 0.046875
1 0.560156 0.482422 0.042188 0.054688
1 0.817969 0.460938 0.051562 0.050781
0 0.817969 0.425781 0.035937 0.062500
2 0.267969 0.416016 0.051562 0.058594
2 0.400781 0.418945 0.154688 0.099609