0 0.058594 0.375977 0.054688 0.201172
0 0.017188 0.346680 0.034375 0.107422
2 0.115625 0.393555 0.103125 0.103516
2 0.178906 0.384766 0.057813 0.078125
2 0.241406 0.381836 0.076563 0.064453
2 0.323437 0.378906 0.046875 0.039062
2 0.559375 0.419922 0.118750 0.109375
2 0.507812 0.391602 0.056250 0.076172
2 0.912500 0.451172 0.171875 0.222656
2 0.442188 0.385742 0.025000 0.029297
2 0.284375 0.380859 0.037500 0.058594
2 0.363281 0.381836 0.029687 0.037109
2 0.382812 0.382812 0.021875 0.031250
0 0.465625 0.385742 0.012500 0.037109
0 0.423438 0.381836 0.015625 0.041016
0 0.407031 0.380859 0.017188 0.039062