2 0.042969 0.513672 0.079687 0.109375
2 0.151562 0.501953 0.140625 0.089844
2 0.259375 0.493164 0.118750 0.072266
2 0.365625 0.487305 0.100000 0.064453
2 0.458594 0.482422 0.098437 0.054688
2 0.564844 0.472656 0.029687 0.046875
0 0.671875 0.465820 0.018750 0.052734
0 0.702344 0.461914 0.020313 0.060547
0 0.526563 0.471680 0.028125 0.060547
0 0.300781 0.456055 0.020313 0.037109
0 0.283594 0.449219 0.020313 0.027344
0 0.501563 0.457031 0.018750 0.039062
0 0.543750 0.474609 0.021875 0.058594
0 0.716406 0.460938 0.020313 0.054688