2 0.128125 0.544922 0.162500 0.171875
2 0.462500 0.512695 0.075000 0.103516
2 0.394531 0.515625 0.042188 0.109375
2 0.534375 0.545898 0.140625 0.115234
0 0.614844 0.478516 0.020313 0.062500
2 0.657813 0.499023 0.078125 0.064453
2 0.935937 0.485352 0.081250 0.076172
2 0.942969 0.513672 0.070312 0.074219
2 0.958594 0.537109 0.079687 0.105469
2 0.016406 0.524414 0.032813 0.150391
2 0.871094 0.475586 0.026562 0.037109
2 0.853125 0.458984 0.028125 0.031250
2 0.576562 0.472656 0.053125 0.062500
2 0.697656 0.461914 0.042188 0.033203