2 0.972656 0.441406 0.051562 0.121094
2 0.922656 0.428711 0.048438 0.025391
2 0.879687 0.411133 0.128125 0.037109
2 0.885938 0.482422 0.118750 0.097656
0 0.808594 0.483398 0.039062 0.154297
2 0.748437 0.453125 0.043750 0.035156
2 0.760938 0.480469 0.059375 0.097656
2 0.693750 0.446289 0.056250 0.060547
0 0.582031 0.444336 0.020313 0.052734
0 0.569531 0.428711 0.020313 0.044922
0 0.549219 0.423828 0.014063 0.050781
0 0.534375 0.426758 0.018750 0.041016
2 0.403906 0.434570 0.042188 0.025391
2 0.409375 0.466797 0.059375 0.058594
2 0.334375 0.428711 0.040625 0.025391
2 0.315625 0.471680 0.093750 0.087891
2 0.203125 0.478516 0.081250 0.078125