2 0.038281 0.503906 0.073438 0.121094
2 0.185938 0.477539 0.065625 0.087891
2 0.549219 0.476562 0.079687 0.078125
0 0.275781 0.473633 0.035937 0.091797
0 0.318750 0.477539 0.031250 0.072266
0 0.106250 0.491211 0.065625 0.181641
0 0.380469 0.500000 0.095312 0.210938
1 0.419531 0.554688 0.092188 0.136719
1 0.332813 0.568359 0.065625 0.101562
1 0.213281 0.536133 0.035937 0.052734
1 0.278125 0.516602 0.037500 0.052734
1 0.098437 0.554688 0.071875 0.128906
0 0.237500 0.495117 0.043750 0.134766
0 0.160938 0.494141 0.046875 0.140625
1 0.157031 0.543945 0.020313 0.052734
2 0.508594 0.483398 0.020313 0.044922
2 0.503125 0.472656 0.031250 0.046875