0 0.939063 0.515625 0.118750 0.281250
2 0.610938 0.504883 0.093750 0.087891
2 0.558594 0.504883 0.032813 0.072266
2 0.528125 0.495117 0.050000 0.060547
2 0.460938 0.495117 0.025000 0.029297
2 0.426563 0.493164 0.037500 0.029297
2 0.391406 0.490234 0.029687 0.035156
2 0.361719 0.493164 0.026562 0.041016
2 0.332031 0.493164 0.035937 0.041016
2 0.295312 0.495117 0.034375 0.041016
2 0.259375 0.498047 0.034375 0.046875
2 0.234375 0.496094 0.021875 0.054688
2 0.203906 0.495117 0.042188 0.060547
2 0.168750 0.499023 0.053125 0.060547
2 0.090625 0.492188 0.100000 0.097656
2 0.023438 0.498047 0.046875 0.109375