2 0.105469 0.596680 0.204687 0.208984
2 0.234375 0.548828 0.121875 0.144531
2 0.275000 0.511719 0.084375 0.101562
2 0.308594 0.500000 0.054688 0.078125
2 0.671094 0.516602 0.104688 0.091797
2 0.767969 0.580078 0.207813 0.148438
2 0.894531 0.665039 0.207813 0.232422
1 0.454688 0.550781 0.028125 0.082031
0 0.581250 0.522461 0.043750 0.123047
0 0.458594 0.501953 0.035937 0.140625
0 0.398438 0.458008 0.018750 0.052734
0 0.352344 0.450195 0.020313 0.056641
0 0.335938 0.451172 0.018750 0.050781
0 0.325000 0.445312 0.018750 0.042969
2 0.554688 0.463867 0.040625 0.041016
2 0.486719 0.450195 0.026562 0.033203
2 0.925000 0.479492 0.100000 0.052734
2 0.850781 0.474609 0.054688 0.050781