2 0.203125 0.544922 0.146875 0.121094
2 0.271875 0.508789 0.090625 0.095703
2 0.339062 0.491211 0.062500 0.056641
2 0.604688 0.481445 0.059375 0.064453
2 0.640625 0.515625 0.071875 0.089844
2 0.665625 0.541016 0.078125 0.113281
2 0.775000 0.580078 0.212500 0.203125
2 0.573438 0.471680 0.028125 0.044922
2 0.564063 0.465820 0.031250 0.044922
2 0.499219 0.433594 0.020313 0.023438
2 0.409375 0.458008 0.037500 0.041016
2 0.396875 0.465820 0.037500 0.044922
2 0.179688 0.478516 0.096875 0.070312
2 0.121094 0.512695 0.067187 0.087891