2 0.051562 0.504883 0.103125 0.158203
2 0.113281 0.496094 0.160938 0.136719
2 0.184375 0.481445 0.078125 0.076172
2 0.264844 0.460938 0.054688 0.039062
2 0.468750 0.477539 0.046875 0.064453
2 0.689063 0.485352 0.187500 0.138672
2 0.708594 0.523438 0.101562 0.136719
2 0.814844 0.507812 0.120313 0.203125
2 0.907813 0.527344 0.175000 0.285156
0 0.564063 0.492188 0.046875 0.152344
0 0.511719 0.490234 0.045312 0.148438
0 0.399219 0.473633 0.023438 0.060547
0 0.381250 0.471680 0.025000 0.060547
0 0.340625 0.469727 0.025000 0.060547
2 0.603125 0.475586 0.056250 0.095703