0 0.732812 0.478516 0.037500 0.121094
0 0.704688 0.471680 0.034375 0.134766
0 0.675000 0.464844 0.031250 0.101562
0 0.646094 0.469727 0.026562 0.095703
2 0.438281 0.468750 0.045312 0.042969
0 0.168750 0.481445 0.018750 0.044922
0 0.366406 0.465820 0.017188 0.025391
0 0.382031 0.462891 0.010937 0.035156
0 0.585156 0.463867 0.023438 0.064453
0 0.603125 0.461914 0.021875 0.064453
0 0.550000 0.459961 0.018750 0.044922
2 0.809375 0.461914 0.059375 0.064453
2 0.918750 0.445312 0.143750 0.128906
2 0.947656 0.492188 0.082812 0.113281
0 0.127344 0.488281 0.020313 0.031250
0 0.113281 0.489258 0.020313 0.056641