0 0.855469 0.659180 0.095312 0.244141
0 0.609375 0.494141 0.028125 0.101562
0 0.543750 0.494141 0.034375 0.105469
2 0.919531 0.625000 0.157812 0.257812
2 0.788281 0.541992 0.107813 0.095703
2 0.739062 0.521484 0.093750 0.074219
2 0.701562 0.502930 0.053125 0.068359
2 0.442188 0.487305 0.043750 0.064453
2 0.415625 0.501953 0.037500 0.085938
2 0.342969 0.526367 0.145313 0.158203
2 0.248438 0.583984 0.165625 0.175781
2 0.108594 0.679688 0.217188 0.296875
2 0.466406 0.478516 0.026562 0.046875
0 0.468750 0.449219 0.018750 0.035156
0 0.522656 0.452148 0.020313 0.033203
2 0.498437 0.455078 0.031250 0.035156
2 0.690625 0.500000 0.065625 0.062500
2 0.671875 0.490234 0.053125 0.062500
1 0.539062 0.527344 0.018750 0.058594