2 0.757031 0.505859 0.379688 0.210938
0 0.526563 0.580078 0.100000 0.390625
2 0.446875 0.462891 0.031250 0.031250
2 0.422656 0.447266 0.010937 0.015625
2 0.400000 0.458984 0.012500 0.019531
0 0.351562 0.441406 0.025000 0.046875
0 0.325781 0.449219 0.026562 0.050781
0 0.384375 0.674805 0.106250 0.427734
0 0.311719 0.568359 0.045312 0.257812
2 0.273438 0.468750 0.031250 0.054688
2 0.253125 0.457031 0.018750 0.027344
0 0.249219 0.506836 0.020313 0.076172
0 0.228906 0.491211 0.023438 0.119141
0 0.210156 0.501953 0.020313 0.093750
2 0.185938 0.472656 0.028125 0.062500
0 0.151562 0.583008 0.100000 0.361328
0 0.071094 0.648438 0.142187 0.363281