2 0.050000 0.456055 0.096875 0.154297
2 0.141406 0.450195 0.104688 0.115234
2 0.370312 0.466797 0.065625 0.058594
2 0.411719 0.460938 0.042188 0.046875
2 0.447656 0.452148 0.051562 0.052734
2 0.589844 0.457031 0.032813 0.046875
2 0.617188 0.468750 0.053125 0.054688
2 0.643750 0.494141 0.046875 0.078125
2 0.679688 0.506836 0.078125 0.099609
2 0.717187 0.527344 0.106250 0.140625
2 0.832031 0.563477 0.257812 0.255859
2 0.917969 0.695312 0.160938 0.468750
2 0.503906 0.446289 0.032813 0.025391
2 0.646875 0.442383 0.031250 0.037109