2 0.581250 0.485352 0.115625 0.099609
2 0.539844 0.458008 0.082812 0.103516
2 0.492188 0.450195 0.034375 0.064453
2 0.470313 0.457031 0.028125 0.035156
2 0.464062 0.441406 0.031250 0.035156
2 0.375781 0.449219 0.023438 0.023438
2 0.357031 0.453125 0.020313 0.031250
2 0.287500 0.449219 0.115625 0.140625
2 0.225781 0.427734 0.014063 0.035156
2 0.210938 0.421875 0.021875 0.046875
2 0.185156 0.423828 0.032813 0.046875
2 0.161719 0.423828 0.020313 0.042969
2 0.139063 0.422852 0.025000 0.044922
2 0.112500 0.416992 0.021875 0.041016
2 0.089844 0.419922 0.020313 0.046875
2 0.068750 0.421875 0.018750 0.058594
2 0.032031 0.420898 0.060937 0.056641