0 0.961719 0.531250 0.054688 0.179688
0 0.877344 0.532227 0.035937 0.146484
0 0.840625 0.523438 0.034375 0.136719
2 0.410938 0.517578 0.068750 0.089844
2 0.485156 0.541992 0.123438 0.123047
2 0.299219 0.505859 0.085938 0.089844
0 0.191406 0.482422 0.017188 0.058594
0 0.151562 0.495117 0.021875 0.068359
0 0.128125 0.496094 0.021875 0.058594
2 0.034375 0.525391 0.068750 0.078125
0 0.993750 0.527344 0.009375 0.167969
0 0.170313 0.489258 0.018750 0.060547
2 0.350000 0.488281 0.031250 0.050781
2 0.441406 0.460938 0.070312 0.042969
2 0.497656 0.463867 0.042188 0.041016
2 0.370312 0.472656 0.031250 0.042969
0 0.919531 0.515625 0.032813 0.136719
0 0.746094 0.498047 0.020313 0.085938
0 0.792188 0.450195 0.015625 0.041016
0 0.679688 0.492188 0.021875 0.078125
0 0.656250 0.489258 0.025000 0.072266
0 0.832031 0.438477 0.014063 0.037109
0 0.846875 0.435547 0.012500 0.035156
0 0.614062 0.485352 0.018750 0.060547
0 0.630469 0.484375 0.017188 0.062500
0 0.721094 0.466797 0.017188 0.046875
0 0.703125 0.460938 0.018750 0.042969
0 0.596875 0.468750 0.018750 0.050781
0 0.567969 0.452148 0.010937 0.037109
0 0.557813 0.452148 0.012500 0.037109