2 0.054688 0.493164 0.103125 0.107422
2 0.139063 0.534180 0.209375 0.146484
2 0.256250 0.511719 0.081250 0.109375
2 0.323437 0.504883 0.071875 0.095703
2 0.382031 0.488281 0.054688 0.062500
2 0.423438 0.482422 0.031250 0.054688
2 0.511719 0.553711 0.182812 0.185547
2 0.664062 0.517578 0.068750 0.085938
2 0.597656 0.486328 0.035937 0.074219
2 0.747656 0.527344 0.176563 0.160156
2 0.760156 0.570312 0.129688 0.160156
2 0.878125 0.612305 0.237500 0.380859
2 0.400000 0.480469 0.040625 0.070312
2 0.456250 0.460938 0.021875 0.039062
2 0.633594 0.491211 0.051562 0.083984