2 0.106250 0.507812 0.178125 0.105469
2 0.648438 0.484375 0.103125 0.070312
2 0.733594 0.479492 0.085938 0.060547
2 0.834375 0.472656 0.100000 0.062500
2 0.906250 0.467773 0.062500 0.044922
0 0.444531 0.486328 0.026562 0.093750
0 0.549219 0.475586 0.029687 0.099609
0 0.585156 0.472656 0.026562 0.085938
0 0.942187 0.460938 0.018750 0.046875
0 0.770312 0.455078 0.021875 0.035156
0 0.677344 0.450195 0.020313 0.029297
0 0.758594 0.450195 0.020313 0.029297
0 0.970313 0.480469 0.021875 0.074219
0 0.985938 0.481445 0.015625 0.087891