2 0.650781 0.491211 0.120313 0.115234
2 0.021875 0.488281 0.043750 0.070312
0 0.153125 0.466797 0.018750 0.074219
1 0.741406 0.505859 0.020313 0.042969
1 0.251563 0.509766 0.025000 0.050781
0 0.597656 0.450195 0.020313 0.037109
0 0.539844 0.461914 0.020313 0.060547
0 0.351562 0.462891 0.015625 0.050781
1 0.713281 0.500000 0.017188 0.046875
0 0.229687 0.461914 0.012500 0.052734
0 0.250781 0.453125 0.023438 0.046875
1 0.201563 0.493164 0.028125 0.041016
0 0.361719 0.465820 0.007812 0.037109
0 0.369531 0.453125 0.010937 0.027344
1 0.533594 0.485352 0.029687 0.037109
1 0.560156 0.487305 0.010937 0.029297