0 0.834375 0.510742 0.028125 0.150391
0 0.801562 0.494141 0.040625 0.183594
0 0.460938 0.483398 0.015625 0.060547
0 0.441406 0.486328 0.017188 0.046875
0 0.412500 0.478516 0.009375 0.023438
0 0.405469 0.477539 0.010937 0.021484
2 0.356250 0.466797 0.025000 0.023438
2 0.314844 0.472656 0.023438 0.046875
2 0.295312 0.472656 0.021875 0.039062
2 0.232031 0.480469 0.073438 0.054688
2 0.180469 0.467773 0.029687 0.029297
2 0.149219 0.461914 0.029687 0.037109
2 0.116406 0.456055 0.026562 0.044922
2 0.062500 0.450195 0.040625 0.044922
2 0.034375 0.514648 0.068750 0.115234