0 0.105469 0.523438 0.042188 0.125000
2 0.307812 0.510742 0.109375 0.107422
2 0.044531 0.695312 0.085938 0.222656
2 0.896875 0.681641 0.203125 0.265625
2 0.813281 0.579102 0.207813 0.181641
2 0.710156 0.539062 0.095312 0.105469
2 0.651563 0.513672 0.065625 0.066406
2 0.033594 0.504883 0.067187 0.091797
2 0.150000 0.501953 0.056250 0.105469
2 0.087500 0.489258 0.062500 0.095703
2 0.217188 0.478516 0.031250 0.066406
2 0.618750 0.497070 0.040625 0.052734
2 0.603125 0.489258 0.043750 0.052734
2 0.575000 0.475586 0.034375 0.041016
2 0.563281 0.464844 0.032813 0.031250