1 0.352344 0.502930 0.035937 0.044922
1 0.725000 0.498047 0.034375 0.062500
1 0.769531 0.516602 0.042188 0.056641
1 0.857812 0.517578 0.050000 0.074219
0 0.607812 0.463867 0.021875 0.064453
0 0.585938 0.459961 0.025000 0.060547
0 0.491406 0.459961 0.020313 0.068359
0 0.457813 0.457031 0.018750 0.058594
2 0.561719 0.453125 0.042188 0.039062
0 0.053906 0.489258 0.029687 0.037109
0 0.235156 0.444336 0.020313 0.029297
1 0.656250 0.519531 0.084375 0.054688
0 0.356250 0.475586 0.028125 0.083984
0 0.409375 0.460938 0.018750 0.062500
0 0.263281 0.451172 0.020313 0.046875