0 0.619531 0.464844 0.023438 0.082031
0 0.653125 0.462891 0.025000 0.082031
0 0.671875 0.462891 0.028125 0.101562
0 0.688281 0.467773 0.035937 0.091797
2 0.810156 0.457031 0.057813 0.082031
2 0.925781 0.447266 0.145313 0.136719
2 0.950781 0.489258 0.095312 0.123047
2 0.442188 0.464844 0.034375 0.035156
0 0.168750 0.478516 0.018750 0.042969
0 0.129688 0.486328 0.021875 0.031250
0 0.110937 0.489258 0.018750 0.052734
0 0.363281 0.462891 0.010937 0.027344
0 0.375781 0.464844 0.010937 0.023438
0 0.382812 0.461914 0.012500 0.029297
0 0.600000 0.459961 0.021875 0.056641
0 0.580469 0.462891 0.020313 0.058594