2 0.397656 0.463867 0.060937 0.056641
2 0.436719 0.458008 0.032813 0.041016
2 0.121094 0.439453 0.173437 0.074219
2 0.062500 0.569336 0.121875 0.232422
2 0.166406 0.520508 0.170313 0.162109
2 0.264062 0.498047 0.087500 0.128906
2 0.323437 0.483398 0.065625 0.099609
0 0.344531 0.442383 0.020313 0.052734
0 0.623437 0.455078 0.018750 0.046875
0 0.679688 0.484375 0.018750 0.058594
0 0.727344 0.520508 0.045312 0.166016
0 0.798438 0.554688 0.068750 0.222656
2 0.918750 0.534180 0.146875 0.107422
2 0.866406 0.503906 0.120313 0.101562
2 0.762500 0.490234 0.046875 0.074219
2 0.664062 0.479492 0.028125 0.037109
2 0.645312 0.460938 0.028125 0.039062
2 0.579688 0.455078 0.031250 0.039062
2 0.547656 0.442383 0.014063 0.021484
2 0.453125 0.448242 0.028125 0.041016
2 0.484375 0.441406 0.018750 0.027344