0 0.709375 0.475586 0.034375 0.134766
0 0.675000 0.476562 0.040625 0.152344
0 0.459375 0.467773 0.025000 0.091797
0 0.428906 0.472656 0.032813 0.078125
0 0.203906 0.516602 0.073438 0.259766
2 0.811719 0.464844 0.054688 0.078125
2 0.926562 0.451172 0.140625 0.148438
2 0.950000 0.490234 0.096875 0.101562
2 0.644531 0.448242 0.023438 0.033203
0 0.575781 0.456055 0.020313 0.056641
0 0.599219 0.458008 0.020313 0.064453
0 0.617969 0.459961 0.023438 0.064453
0 0.168750 0.483398 0.012500 0.044922
0 0.127344 0.487305 0.020313 0.037109
0 0.114844 0.492188 0.020313 0.054688
0 0.350000 0.463867 0.012500 0.029297
0 0.364063 0.463867 0.012500 0.029297
0 0.382812 0.461914 0.012500 0.029297