0 0.855469 0.478516 0.023438 0.128906
0 0.952344 0.488281 0.042188 0.132812
0 0.978906 0.500000 0.039062 0.148438
0 0.810156 0.480469 0.023438 0.089844
0 0.756250 0.481445 0.028125 0.095703
0 0.349219 0.474609 0.042188 0.089844
0 0.305469 0.467773 0.035937 0.087891
0 0.090625 0.458008 0.031250 0.099609
0 0.120313 0.453125 0.021875 0.085938
2 0.263281 0.460938 0.051562 0.050781
0 0.464062 0.455078 0.018750 0.046875
0 0.449219 0.455078 0.020313 0.042969
0 0.600000 0.457031 0.018750 0.046875
0 0.486719 0.454102 0.017188 0.037109
2 0.537500 0.455078 0.021875 0.023438
0 0.879687 0.469727 0.028125 0.068359
1 0.775781 0.581055 0.048438 0.083984
1 0.967187 0.617188 0.059375 0.101562
0 0.673438 0.458008 0.021875 0.025391
0 0.403125 0.448242 0.018750 0.033203