1 0.535156 0.635742 0.032813 0.115234
0 0.543750 0.564453 0.053125 0.191406
0 0.487500 0.478516 0.018750 0.078125
0 0.460156 0.481445 0.026562 0.083984
0 0.439063 0.482422 0.025000 0.082031
2 0.779687 0.544922 0.115625 0.128906
2 0.861719 0.500977 0.060937 0.087891
2 0.721094 0.598633 0.182812 0.185547
2 0.383594 0.500000 0.085938 0.082031
2 0.300781 0.559570 0.107813 0.146484
2 0.183594 0.609375 0.217188 0.234375
2 0.061719 0.637695 0.123438 0.333984
2 0.714063 0.475586 0.028125 0.037109
2 0.593750 0.455078 0.031250 0.035156