2 0.932813 0.769531 0.125000 0.183594
2 0.948438 0.528320 0.096875 0.103516
0 0.739062 0.523438 0.040625 0.085938
0 0.687500 0.513672 0.034375 0.093750
2 0.449219 0.499023 0.057813 0.076172
2 0.434375 0.486328 0.053125 0.058594
2 0.199219 0.486328 0.060937 0.062500
2 0.226562 0.469727 0.034375 0.056641
2 0.134375 0.458008 0.031250 0.052734
2 0.115625 0.464844 0.040625 0.058594
2 0.058594 0.464844 0.057813 0.074219
2 0.055469 0.615234 0.104688 0.234375
0 0.267188 0.458984 0.018750 0.042969
0 0.284375 0.458984 0.018750 0.042969