2 0.932031 0.566406 0.132812 0.269531
0 0.710938 0.474609 0.037500 0.097656
0 0.775000 0.437500 0.021875 0.031250
1 0.329688 0.506836 0.015625 0.041016
1 0.616406 0.521484 0.045312 0.050781
0 0.008594 0.462891 0.017188 0.097656
0 0.312500 0.470703 0.021875 0.082031
1 0.350781 0.478516 0.010937 0.027344
0 0.196094 0.464844 0.020313 0.066406
0 0.174219 0.464844 0.020313 0.062500
2 0.397656 0.461914 0.023438 0.021484
1 0.017188 0.546875 0.034375 0.058594
1 0.144531 0.502930 0.029687 0.052734
1 0.222656 0.487305 0.026562 0.041016
0 0.351562 0.449219 0.009375 0.035156
0 0.330469 0.464844 0.017188 0.042969
1 0.643750 0.522461 0.031250 0.052734
1 0.678125 0.525391 0.015625 0.050781