2 0.548438 0.478516 0.078125 0.082031
2 0.182031 0.481445 0.051562 0.087891
2 0.017188 0.475586 0.034375 0.060547
0 0.043750 0.507812 0.053125 0.183594
0 0.075781 0.465820 0.032813 0.076172
0 0.111719 0.493164 0.060937 0.166016
0 0.157031 0.493164 0.051562 0.134766
0 0.225781 0.485352 0.042188 0.115234
1 0.036719 0.564453 0.073438 0.082031
1 0.109375 0.549805 0.034375 0.087891
1 0.222656 0.521484 0.029687 0.070312
2 0.310937 0.473633 0.021875 0.029297
0 0.300000 0.485352 0.021875 0.060547
0 0.282031 0.486328 0.020313 0.066406
1 0.301563 0.510742 0.018750 0.025391
2 0.508594 0.479492 0.023438 0.044922
2 0.494531 0.474609 0.026562 0.042969
2 0.403906 0.471680 0.029687 0.025391