0 0.873437 0.450195 0.071875 0.111328
0 0.689844 0.495117 0.032813 0.169922
0 0.656250 0.521484 0.025000 0.109375
0 0.625781 0.494141 0.035937 0.125000
0 0.586719 0.491211 0.026562 0.115234
2 0.721094 0.495117 0.026562 0.041016
2 0.553125 0.460938 0.037500 0.027344
2 0.504687 0.492188 0.128125 0.070312
2 0.400781 0.491211 0.095312 0.103516
2 0.346094 0.465820 0.032813 0.025391
2 0.302344 0.479492 0.067187 0.076172
2 0.193750 0.475586 0.153125 0.146484
2 0.096094 0.452148 0.035937 0.041016
2 0.073438 0.450195 0.018750 0.037109
2 0.055469 0.462891 0.020313 0.042969
2 0.015625 0.457031 0.031250 0.062500