0 0.774219 0.475586 0.042188 0.130859
0 0.851562 0.430664 0.015625 0.044922
0 0.643750 0.469727 0.028125 0.111328
1 0.679688 0.513672 0.050000 0.132812
1 0.285938 0.521484 0.025000 0.062500
1 0.339062 0.489258 0.012500 0.041016
0 0.145313 0.456055 0.018750 0.056641
0 0.166406 0.465820 0.017188 0.076172
1 0.081250 0.501953 0.053125 0.093750
1 0.037500 0.507812 0.031250 0.085938
2 0.397656 0.460938 0.023438 0.023438
1 0.575781 0.498047 0.014063 0.046875
1 0.733594 0.515625 0.029687 0.117188
0 0.353125 0.461914 0.012500 0.060547
0 0.339844 0.448242 0.014063 0.044922
2 0.324219 0.460938 0.020313 0.035156
0 0.289062 0.453125 0.025000 0.070312
1 0.200781 0.490234 0.032813 0.046875
1 0.132812 0.500000 0.040625 0.039062
0 0.616406 0.486328 0.020313 0.078125
0 0.592187 0.484375 0.018750 0.078125
0 0.835156 0.438477 0.017188 0.044922
0 0.557813 0.455078 0.009375 0.031250