2 0.225781 0.502930 0.117188 0.126953
2 0.357812 0.482422 0.075000 0.074219
2 0.418750 0.480469 0.050000 0.046875
2 0.611719 0.491211 0.048438 0.072266
2 0.653125 0.499023 0.075000 0.083984
2 0.778906 0.533203 0.210938 0.230469
2 0.933594 0.668945 0.129688 0.396484
2 0.536719 0.461914 0.026562 0.025391
0 0.564063 0.477539 0.028125 0.060547
0 0.474219 0.469727 0.014063 0.041016
0 0.463281 0.468750 0.010937 0.046875
0 0.455469 0.470703 0.007812 0.042969
0 0.489844 0.461914 0.010937 0.029297
2 0.667188 0.525391 0.043750 0.089844
0 0.595313 0.479492 0.021875 0.044922
2 0.109375 0.533203 0.218750 0.183594
2 0.317188 0.475586 0.034375 0.044922
2 0.918750 0.501953 0.078125 0.078125