2 0.934375 0.513672 0.106250 0.105469
2 0.835938 0.494141 0.046875 0.082031
0 0.874219 0.510742 0.054688 0.150391
0 0.799219 0.497070 0.057813 0.123047
0 0.721875 0.489258 0.046875 0.107422
0 0.664844 0.488281 0.032813 0.078125
0 0.635156 0.489258 0.020313 0.056641
0 0.601562 0.480469 0.025000 0.054688
0 0.578125 0.476562 0.021875 0.042969
1 0.872656 0.573242 0.048438 0.083984
1 0.800781 0.552734 0.048438 0.082031
1 0.721094 0.532227 0.029687 0.060547
1 0.661719 0.521484 0.020313 0.046875
1 0.639062 0.513672 0.018750 0.046875
1 0.603125 0.507812 0.018750 0.039062
1 0.579688 0.500977 0.018750 0.041016