2 0.153125 0.480469 0.109375 0.054688
2 0.239063 0.510742 0.118750 0.107422
2 0.317188 0.483398 0.068750 0.060547
2 0.343750 0.466797 0.040625 0.050781
2 0.642969 0.455078 0.035937 0.046875
2 0.495312 0.440430 0.031250 0.033203
2 0.696875 0.470703 0.075000 0.074219
2 0.926562 0.481445 0.140625 0.107422
2 0.953125 0.513672 0.087500 0.164062
0 0.520312 0.459961 0.021875 0.060547
2 0.746094 0.504883 0.032813 0.076172
2 0.835938 0.496094 0.096875 0.101562
2 0.388281 0.444336 0.032813 0.037109
2 0.406250 0.433594 0.028125 0.035156
1 0.525000 0.478516 0.018750 0.035156