0 0.903125 0.549805 0.090625 0.294922
0 0.816406 0.625000 0.098437 0.390625
0 0.727344 0.538086 0.079687 0.337891
2 0.814063 0.383789 0.087500 0.099609
2 0.610938 0.451172 0.181250 0.214844
0 0.484375 0.487305 0.034375 0.103516
0 0.454688 0.431641 0.025000 0.027344
0 0.456250 0.492188 0.028125 0.093750
2 0.440625 0.462891 0.015625 0.019531
2 0.437500 0.447266 0.012500 0.015625
2 0.420312 0.445312 0.009375 0.015625
2 0.396094 0.451172 0.010937 0.015625
2 0.367188 0.457031 0.015625 0.019531
2 0.356250 0.457031 0.012500 0.015625
2 0.342187 0.459961 0.018750 0.025391
2 0.325781 0.463867 0.020313 0.029297
2 0.307031 0.465820 0.020313 0.033203
2 0.276562 0.460938 0.046875 0.054688
2 0.219531 0.481445 0.104688 0.091797