0 0.692969 0.482422 0.051562 0.160156
0 0.077344 0.517578 0.057813 0.191406
0 0.039062 0.499023 0.046875 0.150391
1 0.070312 0.583008 0.046875 0.119141
1 0.029687 0.560547 0.046875 0.085938
2 0.500781 0.474609 0.107813 0.105469
2 0.474219 0.452148 0.085938 0.095703
2 0.241406 0.415039 0.051562 0.068359
2 0.203125 0.432617 0.059375 0.083984
2 0.171875 0.447266 0.075000 0.078125
2 0.119531 0.464844 0.051562 0.070312
2 0.414844 0.422852 0.032813 0.037109
0 0.312500 0.409180 0.018750 0.033203
2 0.281250 0.415039 0.021875 0.037109