2 0.634375 0.541016 0.181250 0.148438
2 0.553125 0.521484 0.056250 0.097656
2 0.532813 0.517578 0.040625 0.078125
2 0.509375 0.513672 0.025000 0.070312
2 0.489063 0.511719 0.025000 0.050781
2 0.411719 0.499023 0.048438 0.048828
2 0.472656 0.502930 0.020313 0.044922
2 0.358594 0.498047 0.042188 0.050781
2 0.297656 0.515625 0.045312 0.046875
2 0.247656 0.519531 0.057813 0.058594
2 0.198437 0.527344 0.034375 0.066406
2 0.167187 0.519531 0.034375 0.105469
0 0.139844 0.523438 0.029687 0.128906
2 0.106250 0.488281 0.046875 0.031250
2 0.058594 0.536133 0.117188 0.162109