0 0.751563 0.525391 0.068750 0.238281
0 0.648438 0.493164 0.034375 0.130859
0 0.303125 0.434570 0.028125 0.033203
2 0.902344 0.615234 0.185938 0.242188
2 0.914062 0.493164 0.168750 0.130859
2 0.267969 0.500977 0.132812 0.107422
2 0.354687 0.490234 0.068750 0.085938
2 0.403906 0.471680 0.048438 0.072266
2 0.437500 0.460938 0.034375 0.058594
2 0.472656 0.455078 0.042188 0.046875
2 0.697656 0.463867 0.048438 0.044922
2 0.825781 0.481445 0.073438 0.095703
2 0.492188 0.450195 0.025000 0.029297
2 0.495312 0.441406 0.028125 0.031250
2 0.595313 0.448242 0.028125 0.029297
0 0.663281 0.466797 0.023438 0.078125