2 0.242969 0.535156 0.073438 0.113281
2 0.088281 0.616211 0.176563 0.220703
2 0.327344 0.507812 0.104688 0.093750
2 0.374219 0.488281 0.051562 0.066406
2 0.410156 0.469727 0.057813 0.060547
2 0.489063 0.458008 0.050000 0.044922
2 0.598437 0.444336 0.034375 0.029297
2 0.695312 0.505859 0.112500 0.132812
2 0.917188 0.617188 0.162500 0.292969
2 0.786719 0.595703 0.060937 0.175781
2 0.967969 0.789062 0.057813 0.199219
0 0.206250 0.610352 0.103125 0.244141
1 0.196875 0.697266 0.065625 0.156250
0 0.834375 0.650391 0.093750 0.367188
2 0.436719 0.463867 0.026562 0.052734
2 0.496875 0.447266 0.025000 0.035156
2 0.942969 0.458008 0.095312 0.048828
0 0.549219 0.452148 0.017188 0.037109
2 0.127344 0.490234 0.095312 0.035156
2 0.635938 0.482422 0.037500 0.054688