0 0.717187 0.477539 0.031250 0.087891
2 0.646875 0.501953 0.150000 0.152344
2 0.524219 0.447266 0.029687 0.035156
2 0.369531 0.453125 0.035937 0.039062
2 0.230469 0.454102 0.082812 0.044922
2 0.302344 0.490234 0.067187 0.070312
2 0.233594 0.512695 0.123438 0.099609
2 0.917969 0.530273 0.160938 0.126953
2 0.856250 0.476562 0.134375 0.125000
2 0.407031 0.448242 0.023438 0.025391
2 0.409375 0.434570 0.028125 0.033203
2 0.323437 0.477539 0.043750 0.056641
2 0.342969 0.470703 0.029687 0.046875
2 0.360156 0.458984 0.032813 0.042969