0 0.835938 0.500000 0.071875 0.109375
0 0.828125 0.599609 0.078125 0.250000
2 0.920312 0.682617 0.153125 0.333984
2 0.754687 0.525391 0.134375 0.160156
2 0.692969 0.512695 0.060937 0.107422
2 0.635938 0.496094 0.040625 0.066406
2 0.605469 0.484375 0.045312 0.046875
2 0.541406 0.459961 0.032813 0.033203
2 0.296875 0.459961 0.096875 0.060547
2 0.210938 0.444336 0.075000 0.068359
2 0.208594 0.460938 0.051562 0.062500
2 0.095312 0.455078 0.131250 0.082031
0 0.406250 0.459961 0.021875 0.044922
2 0.142187 0.454102 0.106250 0.076172
2 0.485156 0.457031 0.023438 0.023438
2 0.381250 0.458008 0.034375 0.033203
2 0.594531 0.471680 0.045312 0.044922
2 0.658594 0.506836 0.057813 0.087891