0 0.143750 0.471680 0.031250 0.064453
0 0.707812 0.456055 0.031250 0.068359
0 0.682813 0.455078 0.028125 0.066406
0 0.657031 0.457031 0.026562 0.054688
2 0.933594 0.510742 0.129688 0.099609
2 0.394531 0.523438 0.192188 0.093750
2 0.516406 0.482422 0.042188 0.058594
2 0.267969 0.474609 0.057813 0.062500
2 0.202344 0.466797 0.073438 0.074219
0 0.582812 0.431641 0.018750 0.027344
0 0.536719 0.438477 0.020313 0.033203
2 0.406250 0.464844 0.043750 0.031250
2 0.383594 0.454102 0.035937 0.033203
2 0.361719 0.457031 0.026562 0.031250
0 0.122656 0.475586 0.020313 0.068359
2 0.572656 0.459961 0.070312 0.029297