2 0.532813 0.569336 0.406250 0.189453
2 0.614062 0.459961 0.071875 0.087891
2 0.459375 0.443359 0.065625 0.058594
2 0.275781 0.439453 0.070312 0.066406
2 0.182031 0.430664 0.098437 0.087891
0 0.127344 0.438477 0.026562 0.076172
0 0.087500 0.432617 0.021875 0.072266
0 0.916406 0.454102 0.042188 0.123047
0 0.870313 0.410156 0.040625 0.050781
0 0.836719 0.454102 0.045312 0.115234
2 0.796094 0.430664 0.051562 0.056641
2 0.735156 0.427734 0.042188 0.062500
0 0.689844 0.402344 0.020313 0.035156
2 0.433594 0.421875 0.051562 0.054688
2 0.406250 0.417969 0.021875 0.031250
2 0.692969 0.438477 0.082812 0.052734
2 0.239063 0.417969 0.037500 0.070312