2 0.250781 0.498047 0.123438 0.101562
2 0.340625 0.485352 0.065625 0.064453
2 0.392969 0.466797 0.082812 0.062500
2 0.594531 0.486328 0.048438 0.066406
2 0.632812 0.500000 0.078125 0.085938
2 0.765625 0.569336 0.203125 0.193359
2 0.870313 0.664062 0.250000 0.332031
2 0.478125 0.458008 0.021875 0.029297
2 0.648438 0.453125 0.043750 0.035156
2 0.727344 0.473633 0.060937 0.052734
0 0.457813 0.461914 0.018750 0.033203
2 0.573438 0.472656 0.034375 0.054688
2 0.945312 0.474609 0.093750 0.082031
0 0.518750 0.460938 0.018750 0.031250