2 0.087500 0.536133 0.171875 0.208984
2 0.208594 0.524414 0.104688 0.130859
2 0.253906 0.498047 0.082812 0.113281
2 0.330469 0.492188 0.073438 0.062500
2 0.353906 0.459961 0.051562 0.052734
2 0.476562 0.474609 0.062500 0.058594
2 0.621875 0.482422 0.059375 0.082031
2 0.874219 0.494141 0.142187 0.125000
2 0.928125 0.535156 0.065625 0.097656
0 0.381250 0.477539 0.025000 0.072266
0 0.401562 0.469727 0.021875 0.076172
0 0.557813 0.479492 0.031250 0.091797
0 0.591406 0.500977 0.035937 0.103516
2 0.722656 0.528320 0.185938 0.181641
2 0.514062 0.468750 0.021875 0.023438
2 0.537500 0.471680 0.028125 0.025391
2 0.425781 0.470703 0.026562 0.042969