2 0.899219 0.447266 0.023438 0.023438
2 0.831250 0.451172 0.031250 0.027344
2 0.726562 0.458984 0.034375 0.035156
2 0.681250 0.458008 0.068750 0.052734
0 0.519531 0.480469 0.029687 0.125000
2 0.492969 0.451172 0.026562 0.027344
2 0.465625 0.451172 0.025000 0.027344
0 0.447656 0.450195 0.020313 0.037109
2 0.321875 0.453125 0.068750 0.042969
2 0.284375 0.458008 0.090625 0.033203
2 0.179688 0.454102 0.143750 0.056641
2 0.100000 0.463867 0.121875 0.052734
2 0.793750 0.451172 0.037500 0.039062
2 0.757031 0.457031 0.023438 0.042969
0 0.952344 0.483398 0.014063 0.052734
0 0.940625 0.479492 0.015625 0.052734