0 0.064844 0.441406 0.048438 0.066406
0 0.657031 0.475586 0.023438 0.044922
0 0.703125 0.512695 0.037500 0.138672
0 0.732812 0.536133 0.046875 0.181641
2 0.217969 0.439453 0.135937 0.050781
2 0.114844 0.552734 0.204687 0.179688
2 0.228906 0.521484 0.104688 0.117188
2 0.309375 0.501953 0.093750 0.117188
2 0.354687 0.489258 0.050000 0.083984
2 0.386719 0.474609 0.032813 0.070312
2 0.432812 0.464844 0.050000 0.050781
2 0.916406 0.518555 0.145313 0.107422
2 0.879687 0.496094 0.193750 0.109375
2 0.793750 0.492188 0.081250 0.070312
2 0.763281 0.491211 0.051562 0.072266
0 0.623437 0.460938 0.015625 0.042969
2 0.588281 0.459961 0.026562 0.033203
2 0.558594 0.448242 0.017188 0.021484
2 0.464062 0.460938 0.025000 0.035156
2 0.472656 0.453125 0.032813 0.039062
2 0.489844 0.454102 0.020313 0.025391