0 0.675000 0.524414 0.031250 0.115234
0 0.636719 0.500000 0.029687 0.085938
1 0.678906 0.571289 0.023438 0.068359
1 0.638281 0.533203 0.020313 0.054688
1 0.088281 0.582031 0.029687 0.082031
0 0.095312 0.547852 0.056250 0.119141
0 0.166406 0.483398 0.026562 0.076172
0 0.889844 0.479492 0.023438 0.044922
0 0.919531 0.478516 0.023438 0.050781
0 0.541406 0.454102 0.014063 0.037109
2 0.587500 0.472656 0.062500 0.046875
2 0.507812 0.463867 0.050000 0.037109
2 0.471875 0.458008 0.043750 0.033203
2 0.436719 0.456055 0.048438 0.029297
2 0.839063 0.477539 0.075000 0.068359
2 0.785937 0.474609 0.021875 0.054688
0 0.245312 0.465820 0.015625 0.048828
0 0.257812 0.466797 0.015625 0.054688
2 0.707812 0.502930 0.071875 0.072266