2 0.765625 0.590820 0.184375 0.181641
2 0.692969 0.529297 0.120313 0.128906
2 0.633594 0.508789 0.073438 0.107422
2 0.503906 0.442383 0.023438 0.025391
2 0.230469 0.482422 0.142187 0.058594
2 0.035156 0.495117 0.070312 0.119141
2 0.078906 0.487305 0.048438 0.076172
2 0.120313 0.469727 0.043750 0.056641
2 0.278906 0.463867 0.082812 0.052734
2 0.322656 0.458008 0.042188 0.052734
2 0.383594 0.449219 0.029687 0.039062
2 0.581250 0.465820 0.043750 0.060547
2 0.593750 0.481445 0.037500 0.068359
0 0.442188 0.455078 0.018750 0.039062