1 0.201563 0.536133 0.043750 0.076172
1 0.861719 0.563477 0.104688 0.205078
1 0.715625 0.524414 0.046875 0.107422
1 0.651563 0.503906 0.028125 0.093750
1 0.603906 0.494141 0.017188 0.062500
1 0.752344 0.513672 0.020313 0.117188
1 0.008594 0.519531 0.017188 0.062500
2 0.243750 0.486328 0.040625 0.058594
2 0.291406 0.479492 0.048438 0.048828
2 0.351562 0.474609 0.025000 0.031250
2 0.362500 0.468750 0.028125 0.031250
0 0.385937 0.469727 0.015625 0.041016
0 0.471875 0.467773 0.012500 0.029297
0 0.485156 0.467773 0.014063 0.041016
0 0.207813 0.465820 0.031250 0.076172
0 0.188281 0.473633 0.020313 0.060547
1 0.152344 0.502930 0.042188 0.076172
1 0.129688 0.505859 0.025000 0.062500
1 0.796875 0.517578 0.025000 0.125000
1 0.983594 0.557617 0.023438 0.197266
1 0.952344 0.558594 0.042188 0.195312
1 0.926562 0.593750 0.025000 0.125000
1 0.578906 0.492188 0.023438 0.062500
0 0.329688 0.474609 0.012500 0.039062
2 0.318750 0.475586 0.012500 0.041016