2 0.911719 0.766602 0.170313 0.306641
2 0.810937 0.593750 0.281250 0.242188
2 0.681250 0.542969 0.075000 0.113281
2 0.630469 0.500977 0.098437 0.115234
2 0.344531 0.482422 0.076563 0.097656
2 0.305469 0.503906 0.073438 0.097656
2 0.259375 0.524414 0.075000 0.103516
2 0.195312 0.551758 0.103125 0.130859
0 0.025781 0.515625 0.042188 0.062500
2 0.104688 0.587891 0.162500 0.179688
2 0.068750 0.457031 0.046875 0.031250
2 0.409375 0.458008 0.031250 0.044922
2 0.118750 0.457031 0.068750 0.031250
2 0.428125 0.457031 0.021875 0.031250
2 0.440625 0.452148 0.021875 0.033203
2 0.571875 0.470703 0.031250 0.050781
0 0.551562 0.465820 0.021875 0.064453
0 0.542969 0.470703 0.020313 0.066406
0 0.531250 0.466797 0.018750 0.062500