1 0.387500 0.709961 0.034375 0.154297
0 0.634375 0.587891 0.075000 0.257812
0 0.393750 0.615234 0.093750 0.253906
2 0.089063 0.614258 0.175000 0.208984
2 0.314063 0.504883 0.087500 0.072266
2 0.375000 0.476562 0.053125 0.058594
2 0.464844 0.456055 0.035937 0.037109
2 0.674219 0.526367 0.054688 0.095703
2 0.842187 0.646484 0.281250 0.234375
2 0.896094 0.477539 0.142187 0.060547
2 0.915625 0.765625 0.162500 0.339844
2 0.572656 0.469727 0.051562 0.056641
2 0.041406 0.476562 0.082812 0.066406
2 0.260937 0.490234 0.109375 0.066406
2 0.411719 0.465820 0.032813 0.041016
2 0.421875 0.459961 0.031250 0.041016
2 0.613281 0.495117 0.092188 0.091797
2 0.727344 0.479492 0.126562 0.064453
2 0.857812 0.467773 0.121875 0.076172