2 0.682031 0.450195 0.082812 0.083984
2 0.567969 0.473633 0.032813 0.068359
0 0.522656 0.461914 0.035937 0.115234
0 0.445312 0.470703 0.037500 0.097656
0 0.413281 0.470703 0.032813 0.105469
0 0.642969 0.563477 0.167187 0.369141
0 0.752344 0.512695 0.070312 0.275391
0 0.787500 0.516602 0.084375 0.306641
0 0.867188 0.500000 0.093750 0.289062
0 0.946875 0.599609 0.100000 0.410156
2 0.321094 0.475586 0.089063 0.076172
0 0.163281 0.457031 0.014063 0.042969
0 0.120313 0.451172 0.015625 0.035156
0 0.385937 0.445312 0.015625 0.031250