1 0.805469 0.565430 0.054688 0.146484
1 0.750781 0.543945 0.032813 0.099609
1 0.773438 0.546875 0.015625 0.097656
1 0.960156 0.580078 0.045312 0.105469
2 0.410156 0.500000 0.020313 0.023438
2 0.425000 0.496094 0.015625 0.023438
1 0.185938 0.533203 0.018750 0.054688
1 0.914844 0.576172 0.045312 0.113281
1 0.160938 0.536133 0.025000 0.052734
1 0.653125 0.515625 0.021875 0.050781
1 0.621875 0.520508 0.018750 0.044922
1 0.603125 0.521484 0.021875 0.050781
2 0.389844 0.503906 0.020313 0.023438
2 0.367188 0.503906 0.031250 0.035156
1 0.718750 0.545898 0.040625 0.091797