2 0.112500 0.554688 0.215625 0.210938
2 0.525781 0.527344 0.095312 0.093750
2 0.245312 0.488281 0.065625 0.062500
0 0.145313 0.448242 0.031250 0.044922
0 0.182812 0.448242 0.037500 0.060547
2 0.914062 0.542969 0.156250 0.054688
2 0.310937 0.483398 0.043750 0.044922
2 0.343750 0.483398 0.028125 0.033203
2 0.278125 0.485352 0.025000 0.052734
2 0.413281 0.489258 0.026562 0.025391
2 0.492188 0.502930 0.071875 0.072266
2 0.467187 0.492188 0.034375 0.054688
0 0.438281 0.488281 0.014063 0.031250
0 0.389844 0.486328 0.014063 0.039062
0 0.378906 0.484375 0.014063 0.039062
0 0.369531 0.485352 0.017188 0.041016
2 0.907813 0.511719 0.153125 0.066406
2 0.787500 0.571289 0.156250 0.126953