0 0.913281 0.435547 0.029687 0.078125
0 0.832812 0.431641 0.018750 0.074219
0 0.824219 0.434570 0.020313 0.068359
0 0.801562 0.433594 0.018750 0.070312
0 0.789062 0.400391 0.018750 0.035156
0 0.774219 0.416992 0.020313 0.052734
0 0.754687 0.421875 0.021875 0.054688
0 0.723437 0.419922 0.012500 0.050781
0 0.712500 0.420898 0.012500 0.048828
0 0.658594 0.437500 0.020313 0.066406
0 0.642969 0.431641 0.020313 0.058594
0 0.626563 0.430664 0.012500 0.052734
2 0.564844 0.471680 0.095312 0.087891
2 0.500000 0.451172 0.046875 0.058594
2 0.470313 0.430664 0.025000 0.033203
2 0.418750 0.457031 0.087500 0.101562
2 0.367188 0.438477 0.025000 0.041016
2 0.342969 0.443359 0.026562 0.042969
2 0.317969 0.447266 0.026562 0.050781
2 0.300781 0.449219 0.020313 0.046875
2 0.269531 0.447266 0.045312 0.070312
2 0.178125 0.492188 0.171875 0.136719
0 0.568750 0.412109 0.012500 0.027344