0 0.652344 0.568359 0.048438 0.187500
0 0.413281 0.476562 0.023438 0.078125
0 0.396875 0.478516 0.025000 0.074219
0 0.379688 0.478516 0.025000 0.082031
2 0.050000 0.496094 0.100000 0.082031
2 0.080469 0.611328 0.160938 0.203125
2 0.176563 0.553711 0.134375 0.126953
2 0.280469 0.515625 0.157812 0.089844
2 0.294531 0.472656 0.076563 0.039062
2 0.338281 0.465820 0.057813 0.052734
2 0.564063 0.473633 0.043750 0.052734
2 0.592187 0.492188 0.059375 0.058594
2 0.625781 0.514648 0.054688 0.087891
2 0.785156 0.577148 0.245312 0.216797
2 0.964063 0.823242 0.065625 0.216797
2 0.748437 0.453125 0.065625 0.039062
2 0.527344 0.449219 0.026562 0.035156
2 0.423438 0.449219 0.028125 0.023438
0 0.622656 0.462891 0.014063 0.031250
0 0.613281 0.454102 0.014063 0.037109
0 0.600000 0.451172 0.018750 0.023438