0 0.603125 0.491211 0.028125 0.087891
0 0.641406 0.496094 0.020313 0.074219
0 0.685937 0.487305 0.018750 0.068359
0 0.820312 0.498047 0.028125 0.082031
0 0.872656 0.491211 0.029687 0.068359
0 0.736719 0.488281 0.029687 0.046875
0 0.275781 0.477539 0.026562 0.087891
0 0.253125 0.475586 0.025000 0.083984
0 0.351562 0.477539 0.015625 0.048828
0 0.375781 0.480469 0.020313 0.054688
0 0.939844 0.480469 0.026562 0.042969
2 0.907813 0.634766 0.178125 0.285156
2 0.575000 0.477539 0.043750 0.029297
0 0.665625 0.482422 0.015625 0.046875
0 0.656250 0.481445 0.015625 0.041016
0 0.768750 0.489258 0.025000 0.041016
0 0.967969 0.483398 0.023438 0.033203
0 0.710156 0.488281 0.020313 0.058594