0 0.438281 0.460938 0.020313 0.039062
0 0.737500 0.540039 0.043750 0.146484
0 0.768750 0.497070 0.040625 0.083984
2 0.839844 0.580078 0.195312 0.167969
2 0.914062 0.674805 0.159375 0.318359
2 0.699219 0.507812 0.067187 0.117188
2 0.614844 0.480469 0.042188 0.042969
2 0.563281 0.462891 0.029687 0.031250
2 0.342187 0.458008 0.078125 0.056641
2 0.269531 0.444336 0.064062 0.052734
2 0.203125 0.461914 0.053125 0.060547
2 0.037500 0.575195 0.075000 0.224609
2 0.416406 0.459961 0.035937 0.037109
2 0.260937 0.461914 0.059375 0.052734
2 0.507031 0.458984 0.020313 0.023438
2 0.635938 0.492188 0.037500 0.058594
2 0.657813 0.501953 0.040625 0.066406
2 0.674219 0.503906 0.042188 0.082031
2 0.124219 0.470703 0.095312 0.105469