2 0.809375 0.463867 0.056250 0.064453
2 0.925000 0.447266 0.146875 0.136719
2 0.952344 0.491211 0.092188 0.119141
0 0.707031 0.478516 0.032813 0.105469
0 0.682813 0.471680 0.028125 0.115234
0 0.653906 0.468750 0.023438 0.085938
0 0.635156 0.469727 0.023438 0.087891
2 0.447656 0.472656 0.035937 0.039062
0 0.549219 0.458984 0.014063 0.046875
0 0.579688 0.463867 0.025000 0.056641
0 0.601562 0.458008 0.025000 0.060547
0 0.168750 0.480469 0.018750 0.042969
0 0.126562 0.488281 0.018750 0.035156
0 0.111719 0.490234 0.020313 0.046875
0 0.362500 0.462891 0.012500 0.027344
0 0.373437 0.460938 0.009375 0.027344
0 0.379688 0.459961 0.009375 0.025391