0 0.905469 0.626953 0.092188 0.410156
0 0.914844 0.660156 0.085938 0.375000
0 0.395313 0.458008 0.021875 0.044922
2 0.068750 0.453125 0.131250 0.074219
2 0.200000 0.441406 0.071875 0.058594
2 0.279687 0.453125 0.100000 0.062500
2 0.539844 0.458984 0.032813 0.035156
2 0.606250 0.481445 0.046875 0.056641
2 0.642188 0.499023 0.050000 0.076172
2 0.671094 0.507812 0.054688 0.085938
2 0.707812 0.516602 0.071875 0.115234
2 0.793750 0.538086 0.206250 0.197266
2 0.971875 0.738281 0.053125 0.207031
2 0.191406 0.460938 0.057813 0.058594
2 0.119531 0.451172 0.098437 0.078125
2 0.482812 0.455078 0.021875 0.023438
2 0.584375 0.467773 0.028125 0.041016