2 0.400000 0.474609 0.059375 0.054688
2 0.536719 0.486328 0.089063 0.089844
2 0.491406 0.475586 0.035937 0.068359
2 0.471094 0.474609 0.029687 0.054688
0 0.628125 0.469727 0.021875 0.060547
0 0.653906 0.467773 0.017188 0.068359
2 0.982812 0.473633 0.031250 0.111328
1 0.083594 0.498047 0.020313 0.042969
2 0.932031 0.481445 0.035937 0.091797
0 0.293750 0.458984 0.018750 0.039062
0 0.279687 0.458984 0.012500 0.039062
0 0.218750 0.452148 0.025000 0.037109
0 0.148438 0.451172 0.021875 0.039062
0 0.016406 0.451172 0.026562 0.042969
1 0.259375 0.470703 0.021875 0.046875
1 0.208594 0.475586 0.032813 0.044922
1 0.178125 0.482422 0.021875 0.050781
1 0.160938 0.490234 0.021875 0.050781
1 0.148438 0.496094 0.018750 0.046875
1 0.127344 0.499023 0.026562 0.060547
1 0.104688 0.500000 0.025000 0.066406
1 0.064844 0.496094 0.026562 0.054688
1 0.027344 0.522461 0.051562 0.072266
1 0.293750 0.487305 0.015625 0.029297