2 0.811719 0.594727 0.182812 0.158203
2 0.735938 0.546875 0.109375 0.097656
2 0.682813 0.514648 0.096875 0.103516
2 0.628125 0.500977 0.040625 0.060547
2 0.503125 0.461914 0.025000 0.025391
2 0.562500 0.471680 0.028125 0.033203
0 0.350781 0.464844 0.010937 0.042969
0 0.414062 0.461914 0.009375 0.037109
0 0.361719 0.464844 0.010937 0.042969
0 0.371094 0.463867 0.010937 0.041016
2 0.607812 0.494141 0.025000 0.058594
2 0.598437 0.484375 0.021875 0.042969
2 0.589063 0.480469 0.034375 0.050781
2 0.523438 0.458984 0.028125 0.023438
0 0.486719 0.460938 0.020313 0.035156