2 0.100781 0.598633 0.198437 0.197266
2 0.198437 0.537109 0.131250 0.136719
2 0.301563 0.507812 0.084375 0.082031
2 0.629687 0.497070 0.081250 0.076172
2 0.692969 0.559570 0.117188 0.130859
2 0.781250 0.601562 0.162500 0.179688
2 0.889062 0.708008 0.218750 0.369141
2 0.355469 0.455078 0.035937 0.039062
2 0.388281 0.472656 0.048438 0.050781
2 0.405469 0.462891 0.032813 0.046875
2 0.114844 0.478516 0.092188 0.066406
2 0.028906 0.487305 0.057813 0.052734
2 0.591406 0.485352 0.035937 0.052734
2 0.572656 0.476562 0.035937 0.046875
2 0.565625 0.460938 0.043750 0.046875
2 0.501563 0.433594 0.018750 0.023438
0 0.428906 0.445312 0.014063 0.031250
0 0.453906 0.445312 0.010937 0.039062