0 0.346094 0.479492 0.023438 0.072266
0 0.368750 0.471680 0.021875 0.091797
0 0.605469 0.463867 0.023438 0.072266
0 0.636719 0.459961 0.023438 0.091797
2 0.807813 0.465820 0.056250 0.083984
2 0.924219 0.448242 0.145313 0.134766
2 0.950781 0.488281 0.085938 0.117188
0 0.168750 0.480469 0.018750 0.042969
0 0.128125 0.488281 0.021875 0.035156
0 0.475000 0.457031 0.018750 0.046875
0 0.590625 0.456055 0.018750 0.052734
0 0.579688 0.455078 0.018750 0.054688
2 0.725781 0.458008 0.035937 0.052734
0 0.671875 0.435547 0.018750 0.039062