2 0.108594 0.458984 0.098437 0.105469
2 0.167187 0.453125 0.046875 0.078125
2 0.223438 0.448242 0.056250 0.060547
0 0.248438 0.473633 0.028125 0.099609
2 0.758594 0.545898 0.148438 0.130859
2 0.685156 0.522461 0.051562 0.095703
2 0.683594 0.505859 0.079687 0.089844
2 0.643750 0.490234 0.053125 0.074219
2 0.553906 0.466797 0.045312 0.042969
2 0.312500 0.459961 0.084375 0.044922
2 0.367188 0.462891 0.050000 0.042969
2 0.067969 0.469727 0.032813 0.123047
2 0.482812 0.458984 0.025000 0.023438
2 0.610938 0.476562 0.043750 0.058594
2 0.015625 0.452148 0.031250 0.099609