0 0.852344 0.512695 0.057813 0.193359
2 0.807031 0.508789 0.051562 0.072266
2 0.926562 0.505859 0.137500 0.144531
2 0.715625 0.471680 0.040625 0.072266
2 0.639062 0.498047 0.109375 0.113281
2 0.592187 0.487305 0.037500 0.076172
2 0.557813 0.455078 0.028125 0.039062
2 0.527344 0.458984 0.054688 0.058594
2 0.442969 0.457031 0.060937 0.066406
2 0.396094 0.458984 0.035937 0.050781
2 0.353125 0.458008 0.056250 0.068359
2 0.335156 0.470703 0.054688 0.066406
2 0.299219 0.479492 0.054688 0.083984
2 0.226562 0.480469 0.128125 0.109375