2 0.085938 0.547852 0.118750 0.119141
2 0.056250 0.719727 0.112500 0.431641
2 0.205469 0.587891 0.251563 0.257812
2 0.914844 0.818359 0.160938 0.351562
2 0.810937 0.637695 0.271875 0.220703
2 0.671875 0.558594 0.146875 0.140625
2 0.403906 0.469727 0.029687 0.041016
2 0.327344 0.498047 0.042188 0.058594
2 0.346094 0.486328 0.029687 0.050781
0 0.435937 0.456055 0.018750 0.056641
0 0.373437 0.479492 0.021875 0.072266
0 0.507812 0.463867 0.018750 0.052734
2 0.635156 0.518555 0.104688 0.095703
2 0.618750 0.488281 0.093750 0.093750
2 0.565625 0.462891 0.046875 0.062500
2 0.452344 0.450195 0.020313 0.025391
2 0.742188 0.445312 0.087500 0.035156
2 0.689844 0.448242 0.042188 0.033203