2 0.780469 0.479492 0.092188 0.123047
0 0.885938 0.497070 0.071875 0.201172
1 0.895312 0.557617 0.037500 0.099609
1 0.875000 0.579102 0.018750 0.060547
1 0.732031 0.547852 0.045312 0.060547
0 0.731250 0.491211 0.043750 0.119141
0 0.681250 0.469727 0.043750 0.123047
1 0.684375 0.515625 0.037500 0.054688
0 0.627344 0.458984 0.029687 0.085938
1 0.627344 0.492188 0.023438 0.050781
2 0.468750 0.427734 0.025000 0.027344
2 0.451562 0.432617 0.021875 0.033203
2 0.432031 0.441406 0.035937 0.046875
0 0.586719 0.456055 0.020313 0.056641