2 0.919531 0.624023 0.157812 0.228516
2 0.617969 0.472656 0.035937 0.039062
2 0.597656 0.464844 0.026562 0.039062
2 0.536719 0.457031 0.035937 0.042969
0 0.927344 0.489258 0.026562 0.064453
0 0.875000 0.481445 0.021875 0.095703
0 0.432031 0.456055 0.026562 0.044922
0 0.380469 0.456055 0.023438 0.060547
0 0.119531 0.433594 0.023438 0.054688
0 0.142187 0.431641 0.031250 0.042969
0 0.272656 0.451172 0.020313 0.050781
0 0.303125 0.450195 0.018750 0.041016
0 0.319531 0.445312 0.023438 0.023438
0 0.460156 0.452148 0.014063 0.029297
0 0.707812 0.464844 0.018750 0.046875
2 0.579688 0.454102 0.018750 0.025391