2 0.375781 0.483398 0.082812 0.076172
2 0.447656 0.462891 0.045312 0.046875
2 0.925781 0.449219 0.145313 0.140625
2 0.951562 0.483398 0.093750 0.123047
0 0.801562 0.484375 0.043750 0.156250
0 0.759375 0.480469 0.053125 0.164062
0 0.714063 0.473633 0.028125 0.123047
0 0.685937 0.483398 0.028125 0.119141
0 0.609375 0.462891 0.025000 0.066406
0 0.586719 0.467773 0.026562 0.072266
0 0.164062 0.481445 0.018750 0.044922
0 0.128125 0.490234 0.021875 0.031250
0 0.114062 0.490234 0.021875 0.058594
0 0.551562 0.459961 0.018750 0.052734
2 0.642969 0.451172 0.023438 0.035156
0 0.659375 0.452148 0.018750 0.041016