0 0.898438 0.547852 0.056250 0.154297
0 0.842187 0.550781 0.043750 0.152344
2 0.716406 0.570312 0.182812 0.156250
2 0.629687 0.500977 0.121875 0.123047
2 0.564844 0.469727 0.051562 0.044922
2 0.123438 0.568359 0.200000 0.187500
2 0.249219 0.536133 0.095312 0.103516
2 0.292187 0.512695 0.068750 0.068359
2 0.335938 0.492188 0.062500 0.058594
2 0.376563 0.470703 0.040625 0.042969
2 0.410938 0.456055 0.037500 0.037109
2 0.428125 0.448242 0.031250 0.033203
2 0.545312 0.455078 0.040625 0.039062
2 0.731250 0.461914 0.059375 0.041016
2 0.788281 0.465820 0.060937 0.052734