2 0.285156 0.501953 0.104688 0.093750
2 0.342969 0.473633 0.073438 0.087891
2 0.396094 0.480469 0.048438 0.050781
2 0.647656 0.509766 0.082812 0.097656
2 0.703125 0.536133 0.112500 0.138672
2 0.796875 0.574219 0.187500 0.203125
2 0.895312 0.630859 0.206250 0.476562
0 0.582812 0.478516 0.025000 0.085938
2 0.083594 0.539062 0.167187 0.250000
2 0.189062 0.509766 0.165625 0.148438
2 0.847656 0.464844 0.107813 0.042969
0 0.669531 0.454102 0.014063 0.017578
0 0.659375 0.455078 0.012500 0.019531
2 0.614844 0.490234 0.035937 0.066406
2 0.413281 0.468750 0.042188 0.050781
2 0.435937 0.471680 0.018750 0.037109
2 0.467187 0.458984 0.031250 0.031250
2 0.567187 0.462891 0.018750 0.031250