2 0.577344 0.458008 0.054688 0.056641
2 0.620313 0.498047 0.071875 0.074219
2 0.663281 0.524414 0.117188 0.107422
2 0.864062 0.667969 0.262500 0.265625
2 0.329688 0.488281 0.068750 0.085938
2 0.247656 0.505859 0.135937 0.140625
2 0.040625 0.474609 0.081250 0.082031
0 0.370312 0.476562 0.025000 0.082031
2 0.385937 0.463867 0.018750 0.041016
2 0.396094 0.452148 0.026562 0.041016
2 0.414062 0.443359 0.025000 0.035156
0 0.444531 0.449219 0.020313 0.054688
2 0.496094 0.439453 0.023438 0.031250
0 0.484375 0.444336 0.018750 0.056641
2 0.534375 0.451172 0.034375 0.050781
0 0.521875 0.451172 0.025000 0.046875
2 0.979688 0.865234 0.034375 0.210938