2 0.028125 0.543945 0.053125 0.107422
2 0.095312 0.502930 0.040625 0.068359
2 0.138281 0.487305 0.085938 0.056641
2 0.195312 0.459961 0.121875 0.087891
2 0.325000 0.517578 0.096875 0.093750
2 0.499219 0.445312 0.023438 0.027344
2 0.607812 0.509766 0.075000 0.082031
2 0.668750 0.539062 0.125000 0.109375
2 0.775000 0.610352 0.196875 0.201172
2 0.864844 0.733398 0.254688 0.333984
2 0.281250 0.465820 0.053125 0.044922
2 0.364063 0.461914 0.046875 0.037109
2 0.446094 0.454102 0.026562 0.025391
2 0.562500 0.465820 0.037500 0.044922