2 0.841406 0.544922 0.257812 0.207031
0 0.672656 0.482422 0.029687 0.085938
1 0.350781 0.500000 0.017188 0.039062
0 0.332813 0.472656 0.021875 0.062500
0 0.200000 0.474609 0.018750 0.066406
0 0.218750 0.474609 0.018750 0.062500
1 0.978906 0.566406 0.029687 0.074219
1 0.103906 0.519531 0.042188 0.082031
1 0.626563 0.512695 0.015625 0.044922
0 0.075781 0.473633 0.017188 0.087891
0 0.730469 0.460938 0.020313 0.050781
1 0.587500 0.506836 0.037500 0.056641
2 0.402344 0.469727 0.017188 0.021484
0 0.359375 0.457031 0.009375 0.027344
0 0.351562 0.468750 0.012500 0.031250
0 0.285938 0.467773 0.015625 0.060547
0 0.246875 0.462891 0.018750 0.039062
1 0.249219 0.499023 0.039062 0.037109