0 0.692187 0.458008 0.028125 0.060547
0 0.668750 0.457031 0.025000 0.062500
0 0.646875 0.458984 0.025000 0.046875
0 0.188281 0.477539 0.020313 0.060547
0 0.168750 0.478516 0.018750 0.066406
2 0.303906 0.472656 0.051562 0.046875
2 0.238281 0.469727 0.048438 0.064453
2 0.352344 0.508789 0.117188 0.076172
2 0.522656 0.480469 0.035937 0.050781
2 0.913281 0.500000 0.167187 0.062500
0 0.584375 0.443359 0.018750 0.031250
2 0.425000 0.476562 0.037500 0.039062
2 0.408594 0.470703 0.032813 0.035156
2 0.381250 0.458008 0.021875 0.029297
2 0.575781 0.465820 0.067187 0.025391