0 0.921875 0.548828 0.040625 0.121094
0 0.642188 0.509766 0.037500 0.140625
0 0.669531 0.489258 0.020313 0.068359
1 0.639844 0.563477 0.023438 0.083984
2 0.406250 0.486328 0.068750 0.062500
2 0.475781 0.471680 0.026562 0.025391
2 0.094531 0.469727 0.076563 0.056641
2 0.042969 0.520508 0.076563 0.103516
2 0.145313 0.470703 0.046875 0.050781
2 0.207813 0.468750 0.040625 0.042969
2 0.544531 0.474609 0.032813 0.023438
0 0.625781 0.476562 0.020313 0.058594
0 0.272656 0.470703 0.017188 0.050781
0 0.289844 0.471680 0.020313 0.052734
0 0.314063 0.463867 0.015625 0.052734
0 0.325781 0.465820 0.017188 0.052734
0 0.607812 0.476562 0.015625 0.035156