0 0.553906 0.477539 0.026562 0.072266
0 0.784375 0.482422 0.031250 0.078125
0 0.768750 0.522461 0.037500 0.107422
2 0.920312 0.488281 0.150000 0.097656
2 0.736719 0.481445 0.048438 0.076172
2 0.714063 0.463867 0.043750 0.060547
2 0.588281 0.472656 0.048438 0.058594
2 0.346875 0.496094 0.062500 0.066406
2 0.264844 0.523438 0.110937 0.097656
2 0.120313 0.560547 0.203125 0.183594
2 0.492969 0.445312 0.026562 0.027344
2 0.380469 0.472656 0.045312 0.054688
1 0.553125 0.510742 0.018750 0.052734
1 0.760938 0.565430 0.040625 0.072266