0 0.789844 0.473633 0.051562 0.193359
0 0.653125 0.466797 0.025000 0.105469
0 0.630469 0.470703 0.032813 0.109375
0 0.464062 0.463867 0.021875 0.052734
0 0.409375 0.478516 0.034375 0.101562
2 0.829688 0.458008 0.031250 0.072266
2 0.922656 0.448242 0.135937 0.138672
2 0.951562 0.489258 0.090625 0.123047
0 0.552344 0.459961 0.020313 0.044922
0 0.171875 0.478516 0.018750 0.042969
0 0.128125 0.484375 0.018750 0.039062
2 0.885938 0.415039 0.068750 0.044922
2 0.921875 0.375000 0.140625 0.058594
2 0.820312 0.379883 0.046875 0.052734