2 0.079687 0.546875 0.159375 0.171875
2 0.228125 0.465820 0.050000 0.056641
2 0.299219 0.472656 0.045312 0.039062
2 0.403125 0.469727 0.043750 0.044922
2 0.582812 0.475586 0.053125 0.056641
2 0.781250 0.555664 0.234375 0.216797
2 0.880469 0.682617 0.235937 0.388672
0 0.539062 0.466797 0.018750 0.050781
0 0.528125 0.465820 0.018750 0.052734
0 0.439844 0.464844 0.020313 0.046875
2 0.358594 0.474609 0.054688 0.062500
2 0.125781 0.472656 0.110937 0.066406
2 0.156250 0.460938 0.078125 0.062500
2 0.458594 0.456055 0.020313 0.029297