2 0.039844 0.515625 0.076563 0.121094
2 0.599219 0.482422 0.104688 0.066406
2 0.687500 0.478516 0.096875 0.058594
2 0.793750 0.473633 0.106250 0.068359
2 0.865625 0.474609 0.053125 0.050781
0 0.371875 0.486328 0.025000 0.097656
0 0.493750 0.484375 0.037500 0.105469
0 0.539062 0.465820 0.040625 0.072266
0 0.961719 0.486328 0.029687 0.101562
1 0.538281 0.510742 0.048438 0.044922
0 0.719531 0.457031 0.020313 0.042969
0 0.898438 0.462891 0.018750 0.050781
0 0.916406 0.465820 0.020313 0.060547
0 0.942969 0.466797 0.020313 0.050781
0 0.639844 0.458008 0.020313 0.033203
0 0.625000 0.453125 0.015625 0.019531