1 0.660156 0.609375 0.067187 0.218750
1 0.519531 0.608398 0.045312 0.197266
1 0.397656 0.508789 0.020313 0.068359
1 0.896094 0.589844 0.089063 0.128906
1 0.725781 0.508789 0.035937 0.091797
1 0.831250 0.500000 0.043750 0.074219
1 0.575781 0.500977 0.048438 0.041016
0 0.308594 0.451172 0.017188 0.019531
1 0.986719 0.594727 0.023438 0.138672
1 0.956250 0.577148 0.037500 0.201172
0 0.660937 0.458984 0.081250 0.312500
0 0.578906 0.458984 0.042188 0.054688
0 0.516406 0.493164 0.073438 0.287109
0 0.394531 0.446289 0.032813 0.064453
1 0.821875 0.520508 0.040625 0.087891
1 0.793750 0.518555 0.028125 0.076172
1 0.753906 0.521484 0.023438 0.074219
0 0.789844 0.445312 0.010937 0.035156