0 0.670312 0.462891 0.034375 0.105469
0 0.625781 0.468750 0.032813 0.082031
2 0.250000 0.462891 0.028125 0.039062
2 0.215625 0.480469 0.065625 0.078125
2 0.328906 0.460938 0.092188 0.046875
0 0.859375 0.444336 0.031250 0.083984
0 0.929688 0.437500 0.021875 0.066406
2 0.449219 0.474609 0.129688 0.148438
0 0.578906 0.458008 0.017188 0.044922
2 0.271875 0.460938 0.025000 0.035156
2 0.021875 0.472656 0.043750 0.039062
2 0.019531 0.518555 0.039062 0.076172
2 0.128906 0.474609 0.135937 0.121094
2 0.054688 0.481445 0.025000 0.080078