0 0.442188 0.462891 0.018750 0.058594
0 0.555469 0.462891 0.026562 0.078125
0 0.575000 0.469727 0.031250 0.087891
2 0.078906 0.553711 0.154688 0.197266
2 0.276562 0.486328 0.128125 0.109375
2 0.343750 0.488281 0.040625 0.070312
2 0.394531 0.473633 0.045312 0.052734
2 0.768750 0.562500 0.215625 0.207031
2 0.889844 0.505859 0.085938 0.113281
2 0.792188 0.457031 0.121875 0.062500
2 0.508594 0.457031 0.051562 0.046875
2 0.603125 0.466797 0.043750 0.066406
2 0.650000 0.484375 0.093750 0.093750
2 0.408594 0.458984 0.048438 0.066406
2 0.364063 0.468750 0.040625 0.070312