2 0.582031 0.467773 0.120313 0.111328
2 0.516406 0.458984 0.054688 0.066406
2 0.335938 0.470703 0.059375 0.054688
2 0.137500 0.486328 0.103125 0.085938
2 0.200000 0.481445 0.062500 0.072266
2 0.235937 0.472656 0.056250 0.070312
2 0.267969 0.467773 0.023438 0.056641
2 0.305469 0.463867 0.029687 0.044922
2 0.483594 0.465820 0.020313 0.041016
2 0.467969 0.460938 0.020313 0.035156
2 0.457031 0.455078 0.020313 0.027344
2 0.443750 0.451172 0.018750 0.023438
2 0.081250 0.456055 0.034375 0.044922
2 0.037500 0.465820 0.031250 0.037109