1 0.510938 0.531250 0.018750 0.070312
2 0.934375 0.550781 0.128125 0.230469
2 0.760938 0.511719 0.165625 0.132812
2 0.675781 0.496094 0.085938 0.097656
2 0.635156 0.489258 0.064062 0.083984
2 0.592187 0.480469 0.059375 0.062500
2 0.019531 0.541016 0.039062 0.140625
2 0.093750 0.511719 0.146875 0.125000
2 0.185938 0.495117 0.090625 0.099609
2 0.264844 0.486328 0.073438 0.066406
2 0.295312 0.474609 0.059375 0.066406
2 0.355469 0.466797 0.035937 0.039062
2 0.553125 0.472656 0.028125 0.054688
2 0.535937 0.467773 0.021875 0.041016
0 0.509375 0.458984 0.028125 0.085938
2 0.484375 0.460938 0.021875 0.027344
2 0.467187 0.457031 0.018750 0.023438
2 0.447656 0.466797 0.054688 0.027344
2 0.414062 0.461914 0.018750 0.025391
2 0.399219 0.464844 0.020313 0.023438
2 0.372656 0.465820 0.029687 0.033203
2 0.335156 0.473633 0.026562 0.037109