0 0.841406 0.429688 0.023438 0.105469
1 0.869531 0.462891 0.026562 0.042969
1 0.812500 0.466797 0.034375 0.050781
1 0.684375 0.472656 0.037500 0.046875
0 0.653906 0.441406 0.026562 0.089844
0 0.625000 0.439453 0.025000 0.093750
1 0.608594 0.476562 0.035937 0.042969
2 0.600781 0.412109 0.026562 0.078125
2 0.484375 0.427734 0.040625 0.046875
2 0.424219 0.397461 0.014063 0.021484
2 0.446875 0.396484 0.015625 0.019531
2 0.453906 0.411133 0.017188 0.021484
2 0.458594 0.425781 0.014063 0.023438
2 0.388281 0.392578 0.017188 0.019531
2 0.379688 0.422852 0.025000 0.041016
2 0.364063 0.433594 0.028125 0.050781
2 0.317969 0.438477 0.082812 0.091797