2 0.635156 0.625977 0.489063 0.419922
1 0.336719 0.514648 0.023438 0.037109
1 0.288281 0.511719 0.035937 0.039062
0 0.912500 0.473633 0.031250 0.091797
0 0.799219 0.481445 0.032813 0.083984
0 0.224219 0.469727 0.017188 0.056641
0 0.200781 0.472656 0.020313 0.062500
2 0.421875 0.467773 0.018750 0.025391
2 0.407813 0.468750 0.012500 0.023438
2 0.392969 0.469727 0.020313 0.025391
0 0.337500 0.472656 0.018750 0.046875
0 0.282813 0.464844 0.025000 0.050781
0 0.167187 0.472656 0.025000 0.062500
0 0.151562 0.474609 0.021875 0.062500
0 0.096094 0.453125 0.014063 0.035156
0 0.075781 0.456055 0.017188 0.037109