2 0.884375 0.707031 0.225000 0.535156
2 0.587500 0.476562 0.065625 0.066406
2 0.381250 0.470703 0.053125 0.042969
2 0.266406 0.470703 0.051562 0.046875
0 0.422656 0.465820 0.020313 0.052734
0 0.529687 0.469727 0.018750 0.060547
0 0.540625 0.468750 0.018750 0.062500
2 0.330469 0.486328 0.073438 0.066406
2 0.166406 0.471680 0.048438 0.064453
2 0.126562 0.470703 0.056250 0.082031
2 0.078125 0.470703 0.078125 0.078125
2 0.047656 0.482422 0.079687 0.082031
2 0.440625 0.463867 0.021875 0.029297
2 0.446875 0.458984 0.028125 0.035156