2 0.467187 0.475586 0.103125 0.060547
2 0.321094 0.598633 0.557813 0.275391
2 0.817187 0.461914 0.056250 0.076172
0 0.608594 0.458008 0.026562 0.095703
0 0.729688 0.492188 0.050000 0.164062
0 0.772656 0.483398 0.042188 0.177734
0 0.971875 0.554688 0.050000 0.496094
0 0.889062 0.577148 0.115625 0.435547
0 0.637500 0.463867 0.021875 0.091797
0 0.659375 0.459961 0.025000 0.087891
0 0.127344 0.492188 0.023438 0.035156
0 0.192188 0.473633 0.021875 0.037109
0 0.589844 0.459961 0.023438 0.056641
0 0.573438 0.460938 0.021875 0.050781