2 0.097656 0.587891 0.195312 0.222656
2 0.207031 0.541016 0.126562 0.113281
2 0.264062 0.515625 0.081250 0.089844
2 0.307031 0.505859 0.054688 0.082031
2 0.335938 0.493164 0.062500 0.076172
2 0.600781 0.482422 0.082812 0.085938
2 0.714063 0.535156 0.187500 0.160156
2 0.808594 0.614258 0.220312 0.197266
2 0.893750 0.755859 0.206250 0.382812
0 0.528906 0.465820 0.020313 0.060547
2 0.417969 0.455078 0.032813 0.046875
2 0.877344 0.489258 0.073438 0.060547
2 0.367969 0.472656 0.051562 0.074219
2 0.144531 0.453125 0.060937 0.027344
2 0.100781 0.452148 0.048438 0.029297
2 0.795312 0.485352 0.062500 0.056641