2 0.035156 0.516602 0.070312 0.166016
2 0.132031 0.501953 0.076563 0.097656
0 0.172656 0.490234 0.045312 0.121094
0 0.220312 0.483398 0.043750 0.130859
2 0.291406 0.479492 0.048438 0.052734
2 0.314844 0.467773 0.042188 0.056641
2 0.431250 0.454102 0.031250 0.033203
2 0.597656 0.458008 0.057813 0.064453
2 0.688281 0.479492 0.070312 0.103516
0 0.785156 0.541016 0.060937 0.222656
0 0.893750 0.530273 0.062500 0.208984
2 0.339844 0.463867 0.020313 0.037109
2 0.353906 0.461914 0.020313 0.037109
0 0.376563 0.460938 0.021875 0.046875
0 0.396094 0.457031 0.010937 0.039062
0 0.467187 0.451172 0.015625 0.031250
0 0.481250 0.454102 0.012500 0.029297
2 0.619531 0.492188 0.029687 0.062500
2 0.567187 0.453125 0.031250 0.039062
1 0.220312 0.523438 0.031250 0.078125
1 0.169531 0.529297 0.026562 0.085938