0 0.752344 0.466797 0.035937 0.089844
0 0.712500 0.460938 0.021875 0.078125
0 0.650000 0.507812 0.062500 0.160156
0 0.536719 0.516602 0.085938 0.201172
0 0.297656 0.476562 0.057813 0.128906
0 0.158594 0.574219 0.151562 0.421875
0 0.442969 0.631836 0.151562 0.263672
1 0.650781 0.550781 0.123438 0.082031
1 0.553125 0.587891 0.159375 0.097656
2 0.575781 0.477539 0.067187 0.064453
2 0.251563 0.465820 0.078125 0.056641
0 0.982812 0.449219 0.025000 0.050781
0 0.852344 0.440430 0.029687 0.033203
0 0.028906 0.427734 0.023438 0.042969
0 0.077344 0.437500 0.020313 0.031250
0 0.063281 0.436523 0.023438 0.029297