0 0.971094 0.622070 0.054688 0.244141
2 0.142187 0.494141 0.093750 0.062500
2 0.112500 0.576172 0.193750 0.152344
2 0.264844 0.520508 0.110937 0.087891
2 0.357812 0.483398 0.068750 0.068359
2 0.595313 0.528320 0.040625 0.099609
2 0.642969 0.551758 0.117188 0.134766
2 0.694531 0.586914 0.160938 0.169922
0 0.439844 0.474609 0.014063 0.035156
2 0.393750 0.486328 0.025000 0.039062
2 0.409375 0.470703 0.028125 0.050781
2 0.047656 0.515625 0.092188 0.085938
2 0.580469 0.508789 0.048438 0.068359
2 0.558594 0.495117 0.035937 0.041016
2 0.305469 0.505859 0.076563 0.078125