2 0.350781 0.483398 0.045312 0.068359
2 0.284375 0.495117 0.115625 0.119141
2 0.578125 0.463867 0.059375 0.060547
2 0.610156 0.489258 0.057813 0.083984
2 0.647656 0.513672 0.098437 0.093750
2 0.802344 0.601562 0.229687 0.179688
2 0.899219 0.751953 0.195312 0.328125
0 0.389844 0.469727 0.020313 0.068359
2 0.402344 0.455078 0.026562 0.042969
2 0.422656 0.444336 0.026562 0.037109
0 0.450781 0.449219 0.020313 0.054688
2 0.501563 0.439453 0.025000 0.031250
0 0.488281 0.446289 0.020313 0.056641
0 0.518750 0.454102 0.018750 0.041016