0 0.591406 0.506836 0.029687 0.119141
0 0.623437 0.513672 0.056250 0.183594
0 0.433594 0.490234 0.026562 0.074219
0 0.414062 0.491211 0.021875 0.072266
2 0.665625 0.516602 0.046875 0.087891
2 0.707812 0.531250 0.081250 0.125000
2 0.759375 0.565430 0.175000 0.177734
2 0.375781 0.500000 0.048438 0.070312
2 0.347656 0.507812 0.045312 0.070312
2 0.277344 0.512695 0.095312 0.119141
2 0.180469 0.537109 0.182812 0.140625
2 0.545312 0.479492 0.040625 0.033203
2 0.449219 0.472656 0.032813 0.039062
2 0.912500 0.525391 0.040625 0.078125