2 0.113281 0.543945 0.223438 0.154297
2 0.250781 0.515625 0.120313 0.117188
2 0.314844 0.500977 0.067187 0.072266
2 0.350781 0.485352 0.085938 0.091797
2 0.410156 0.478516 0.051562 0.050781
2 0.615625 0.474609 0.053125 0.050781
2 0.696094 0.521484 0.129688 0.128906
0 0.570312 0.467773 0.021875 0.056641
0 0.556250 0.469727 0.021875 0.056641
0 0.521094 0.454102 0.007812 0.029297
0 0.506250 0.456055 0.009375 0.037109
2 0.531250 0.457031 0.021875 0.023438
2 0.454688 0.463867 0.040625 0.041016
2 0.484375 0.454102 0.025000 0.033203
2 0.935937 0.508789 0.037500 0.103516
2 0.648438 0.498047 0.059375 0.085938