0 0.960938 0.444336 0.046875 0.087891
0 0.150781 0.454102 0.023438 0.076172
0 0.167969 0.457031 0.020313 0.074219
1 0.064844 0.574219 0.064062 0.093750
2 0.932813 0.541016 0.131250 0.164062
2 0.656250 0.505859 0.162500 0.136719
2 0.572656 0.488281 0.070312 0.097656
2 0.445312 0.472656 0.065625 0.066406
1 0.114844 0.498047 0.035937 0.066406
1 0.753125 0.501953 0.025000 0.042969
0 0.556250 0.444336 0.012500 0.029297
2 0.410156 0.455078 0.017188 0.027344
0 0.291406 0.445312 0.017188 0.027344
1 0.224219 0.485352 0.029687 0.041016
0 0.094531 0.430664 0.014063 0.041016
0 0.071094 0.467773 0.051562 0.119141