2 0.089844 0.552734 0.179688 0.210938
2 0.191406 0.509766 0.139063 0.160156
2 0.275000 0.502930 0.053125 0.095703
2 0.312500 0.480469 0.081250 0.105469
2 0.373437 0.478516 0.056250 0.058594
2 0.776563 0.494141 0.075000 0.078125
2 0.856250 0.513672 0.112500 0.109375
2 0.931250 0.519531 0.134375 0.144531
2 0.639062 0.494141 0.084375 0.089844
2 0.596094 0.475586 0.035937 0.056641
2 0.455469 0.458008 0.035937 0.037109
2 0.404687 0.475586 0.025000 0.044922
2 0.415625 0.467773 0.021875 0.037109
2 0.428125 0.465820 0.021875 0.041016
2 0.551562 0.460938 0.025000 0.023438
2 0.687500 0.483398 0.040625 0.056641
2 0.480469 0.458984 0.023438 0.023438