2 0.096094 0.535156 0.182812 0.210938
2 0.218750 0.500000 0.118750 0.152344
2 0.303906 0.455078 0.076563 0.058594
0 0.316406 0.457031 0.023438 0.058594
2 0.364844 0.462891 0.073438 0.078125
2 0.414062 0.459961 0.040625 0.052734
2 0.688281 0.480469 0.057813 0.074219
2 0.846875 0.492188 0.100000 0.089844
2 0.958594 0.504883 0.079687 0.123047
0 0.628906 0.458008 0.017188 0.048828
0 0.758594 0.535156 0.054688 0.214844
0 0.909375 0.602539 0.087500 0.318359
2 0.572656 0.455078 0.035937 0.042969
2 0.431250 0.454102 0.018750 0.041016
2 0.431250 0.448242 0.028125 0.052734
2 0.471094 0.443359 0.023438 0.031250
2 0.537500 0.443359 0.018750 0.023438
2 0.650000 0.460938 0.034375 0.035156
0 0.340625 0.435547 0.018750 0.039062