2 0.896094 0.486328 0.204687 0.406250
2 0.757031 0.526367 0.073438 0.130859
2 0.745313 0.491211 0.115625 0.166016
0 0.661719 0.503906 0.020313 0.136719
2 0.632031 0.507812 0.042188 0.097656
2 0.583594 0.492188 0.060937 0.074219
2 0.506250 0.491211 0.103125 0.181641
0 0.442188 0.464844 0.056250 0.144531
1 0.439844 0.604492 0.032813 0.138672
0 0.394531 0.459961 0.020313 0.052734
1 0.392188 0.508789 0.018750 0.041016
2 0.350781 0.478516 0.048438 0.066406
2 0.302344 0.487305 0.089063 0.107422
2 0.224219 0.512695 0.135937 0.130859
2 0.222656 0.436523 0.089063 0.029297
0 0.125000 0.521484 0.062500 0.296875
0 0.042188 0.430664 0.037500 0.107422
2 0.033594 0.498047 0.067187 0.316406
2 0.051562 0.591797 0.059375 0.097656