0 0.900000 0.451172 0.018750 0.054688
2 0.940625 0.506836 0.115625 0.181641
2 0.839844 0.477539 0.089063 0.083984
2 0.725000 0.476562 0.109375 0.089844
0 0.623437 0.474609 0.018750 0.074219
0 0.590625 0.467773 0.012500 0.068359
0 0.578125 0.471680 0.015625 0.083984
0 0.548438 0.460938 0.021875 0.039062
0 0.517969 0.449219 0.020313 0.050781
0 0.500781 0.464844 0.023438 0.093750
2 0.433594 0.475586 0.082812 0.087891
2 0.235156 0.482422 0.092188 0.082031
2 0.121094 0.479492 0.098437 0.087891
2 0.049219 0.478516 0.045312 0.089844
1 0.013281 0.513672 0.026562 0.050781
2 0.014063 0.458008 0.025000 0.052734