0 0.547656 0.500000 0.029687 0.101562
0 0.576562 0.506836 0.021875 0.095703
0 0.602344 0.516602 0.054688 0.134766
2 0.640625 0.517578 0.062500 0.078125
2 0.689844 0.532227 0.079687 0.150391
2 0.769531 0.566406 0.207813 0.218750
2 0.862500 0.655273 0.271875 0.291016
2 0.277344 0.478516 0.076563 0.066406
2 0.301563 0.513672 0.093750 0.085938
2 0.361719 0.501953 0.042188 0.062500
2 0.398438 0.490234 0.056250 0.042969
2 0.136719 0.550781 0.176563 0.156250
2 0.048438 0.553711 0.096875 0.177734
2 0.433594 0.483398 0.035937 0.041016
2 0.456250 0.480469 0.018750 0.031250
2 0.469531 0.475586 0.023438 0.029297
2 0.478906 0.471680 0.023438 0.029297