0 0.539062 0.477539 0.028125 0.087891
0 0.489844 0.470703 0.029687 0.082031
2 0.214062 0.562500 0.168750 0.144531
2 0.324219 0.511719 0.082812 0.082031
2 0.371094 0.496094 0.051562 0.070312
2 0.389844 0.480469 0.060937 0.070312
2 0.433594 0.467773 0.035937 0.041016
2 0.610938 0.489258 0.046875 0.080078
2 0.683594 0.510742 0.085938 0.095703
2 0.700781 0.540039 0.070312 0.119141
2 0.823438 0.577148 0.262500 0.244141
0 0.589063 0.495117 0.034375 0.083984
1 0.489063 0.496094 0.018750 0.042969
2 0.630469 0.500977 0.054688 0.076172
2 0.025000 0.519531 0.050000 0.101562