0 0.313281 0.485352 0.023438 0.087891
0 0.334375 0.484375 0.021875 0.089844
0 0.536719 0.482422 0.029687 0.101562
0 0.571875 0.493164 0.037500 0.107422
2 0.051562 0.541992 0.100000 0.169922
2 0.104688 0.508789 0.150000 0.158203
2 0.202344 0.467773 0.054688 0.060547
2 0.246875 0.500000 0.106250 0.089844
2 0.289062 0.447266 0.059375 0.027344
2 0.357031 0.468750 0.045312 0.066406
2 0.427344 0.479492 0.085938 0.064453
2 0.625781 0.488281 0.098437 0.105469
2 0.824219 0.589844 0.332813 0.332031
2 0.946875 0.476562 0.087500 0.101562
2 0.488281 0.464844 0.029687 0.023438