1 0.619531 0.583008 0.082812 0.107422
1 0.733594 0.568359 0.123438 0.164062
1 0.297656 0.545898 0.032813 0.072266
1 0.322656 0.566406 0.048438 0.089844
1 0.400000 0.553711 0.068750 0.123047
1 0.228906 0.531250 0.023438 0.066406
1 0.128125 0.530273 0.028125 0.060547
0 0.668750 0.486328 0.106250 0.242188
0 0.353906 0.490234 0.067187 0.179688
0 0.310937 0.447266 0.059375 0.132812
0 0.228906 0.483398 0.026562 0.099609
0 0.130469 0.484375 0.035937 0.097656
2 0.547656 0.479492 0.076563 0.083984
2 0.184375 0.478516 0.075000 0.089844
2 0.042969 0.500977 0.085938 0.115234
2 0.509375 0.482422 0.021875 0.050781
2 0.494531 0.477539 0.020313 0.041016