1 0.424219 0.584961 0.032813 0.095703
0 0.581250 0.536133 0.053125 0.158203
0 0.431250 0.528320 0.056250 0.181641
0 0.324219 0.477539 0.029687 0.064453
0 0.253906 0.463867 0.020313 0.060547
0 0.273438 0.466797 0.018750 0.062500
0 0.289844 0.458008 0.020313 0.041016
2 0.737500 0.576172 0.196875 0.160156
2 0.907031 0.755859 0.182812 0.316406
2 0.187500 0.545898 0.121875 0.130859
2 0.090625 0.595703 0.171875 0.183594
2 0.039062 0.646484 0.078125 0.218750
2 0.354687 0.468750 0.040625 0.046875
2 0.971094 0.492188 0.054688 0.093750
2 0.917188 0.479492 0.084375 0.060547
2 0.539844 0.475586 0.051562 0.052734
2 0.521094 0.464844 0.035937 0.050781
2 0.457031 0.459961 0.029687 0.033203
2 0.384375 0.458984 0.025000 0.042969