2 0.301563 0.465820 0.090625 0.083984
2 0.360156 0.466797 0.026562 0.046875
2 0.430469 0.465820 0.079687 0.064453
0 0.726562 0.486328 0.053125 0.128906
2 0.478125 0.448242 0.028125 0.025391
2 0.501563 0.446289 0.018750 0.021484
2 0.517969 0.448242 0.023438 0.025391
2 0.532031 0.444336 0.020313 0.017578
0 0.614062 0.449219 0.015625 0.039062
0 0.634375 0.457031 0.015625 0.058594
0 0.645312 0.456055 0.015625 0.056641
0 0.654687 0.457031 0.015625 0.054688
0 0.696875 0.458008 0.025000 0.037109
1 0.728906 0.526367 0.076563 0.068359