2 0.234375 0.437500 0.165625 0.125000
2 0.168750 0.414062 0.068750 0.074219
2 0.314844 0.400391 0.042188 0.042969
2 0.475000 0.415039 0.056250 0.064453
2 0.510938 0.434570 0.075000 0.072266
2 0.396875 0.406250 0.031250 0.031250
0 0.846094 0.537109 0.085938 0.300781
0 0.912500 0.549805 0.165625 0.427734
2 0.792969 0.432617 0.067187 0.052734
0 0.253125 0.361328 0.028125 0.031250
0 0.222656 0.364258 0.020313 0.025391
0 0.366406 0.399414 0.017188 0.041016
0 0.427344 0.405273 0.014063 0.037109
0 0.353125 0.400391 0.012500 0.039062
2 0.706250 0.457031 0.100000 0.101562