2 0.067187 0.569336 0.134375 0.220703
2 0.162500 0.532227 0.146875 0.146484
2 0.278906 0.503906 0.107813 0.089844
2 0.360156 0.490234 0.076563 0.062500
0 0.431250 0.468750 0.025000 0.062500
2 0.675000 0.517578 0.084375 0.109375
2 0.704688 0.534180 0.075000 0.126953
2 0.825000 0.560547 0.256250 0.246094
2 0.904687 0.724609 0.184375 0.441406
2 0.486719 0.452148 0.023438 0.025391
2 0.467969 0.458984 0.020313 0.031250
2 0.657031 0.494141 0.079687 0.101562
2 0.606250 0.492188 0.031250 0.062500
2 0.589844 0.480469 0.032813 0.050781
2 0.590625 0.467773 0.050000 0.056641
2 0.568750 0.471680 0.018750 0.033203
2 0.384375 0.471680 0.053125 0.056641