0 0.717187 0.492188 0.025000 0.070312
0 0.957812 0.669922 0.081250 0.570312
2 0.092188 0.568359 0.184375 0.250000
2 0.212500 0.533203 0.134375 0.160156
2 0.388281 0.455078 0.073438 0.046875
2 0.632031 0.474609 0.035937 0.039062
2 0.825781 0.554688 0.167187 0.156250
2 0.880469 0.622070 0.126562 0.251953
2 0.744531 0.532227 0.073438 0.091797
2 0.583594 0.459961 0.029687 0.029297
2 0.276562 0.461914 0.037500 0.056641
2 0.328125 0.450195 0.059375 0.056641
2 0.317969 0.458008 0.054688 0.060547
2 0.459375 0.457031 0.031250 0.031250
0 0.477344 0.460938 0.010937 0.039062
2 0.534375 0.458008 0.021875 0.025391
2 0.704688 0.494141 0.075000 0.093750
2 0.647656 0.483398 0.032813 0.052734
2 0.079687 0.432617 0.065625 0.052734