0 0.561719 0.463867 0.020313 0.056641
2 0.077344 0.546875 0.151562 0.164062
2 0.185938 0.513672 0.118750 0.132812
2 0.260937 0.493164 0.106250 0.119141
2 0.337500 0.494141 0.062500 0.066406
2 0.378125 0.485352 0.043750 0.060547
2 0.403125 0.470703 0.056250 0.054688
2 0.758594 0.472656 0.067187 0.085938
2 0.613281 0.486328 0.067187 0.066406
2 0.527344 0.456055 0.017188 0.021484
0 0.552344 0.459961 0.010937 0.048828
0 0.517969 0.454102 0.010937 0.029297
0 0.540625 0.460938 0.012500 0.046875
2 0.442188 0.467773 0.040625 0.041016
2 0.465625 0.461914 0.028125 0.033203
2 0.483594 0.456055 0.023438 0.029297
2 0.585156 0.466797 0.026562 0.039062