2 0.135156 0.526367 0.226562 0.134766
2 0.416406 0.483398 0.104688 0.068359
2 0.809375 0.470703 0.090625 0.046875
2 0.884375 0.460938 0.075000 0.039062
0 0.630469 0.469727 0.020313 0.072266
0 0.682813 0.469727 0.025000 0.072266
0 0.714063 0.465820 0.028125 0.064453
0 0.342969 0.500000 0.023438 0.093750
0 0.325781 0.496094 0.020313 0.101562
0 0.311719 0.499023 0.020313 0.103516
0 0.282813 0.488281 0.028125 0.105469
0 0.261719 0.492188 0.020313 0.113281
0 0.928906 0.457031 0.014063 0.042969
0 0.921875 0.451172 0.012500 0.039062
0 0.909375 0.448242 0.018750 0.033203
0 0.841406 0.447266 0.020313 0.031250
2 0.980469 0.461914 0.026562 0.041016
0 0.975781 0.445312 0.014063 0.027344
0 0.235937 0.466797 0.021875 0.046875
0 0.213281 0.461914 0.023438 0.041016