2 0.447656 0.468750 0.032813 0.042969
2 0.414062 0.460938 0.031250 0.039062
0 0.714844 0.479492 0.026562 0.103516
0 0.689844 0.468750 0.032813 0.121094
0 0.660937 0.467773 0.028125 0.091797
0 0.639844 0.467773 0.026562 0.083984
0 0.583594 0.462891 0.023438 0.062500
0 0.603906 0.458008 0.023438 0.064453
2 0.808594 0.465820 0.067187 0.072266
2 0.923438 0.443359 0.146875 0.136719
2 0.950781 0.490234 0.095312 0.121094
0 0.169531 0.477539 0.020313 0.041016
0 0.129688 0.487305 0.021875 0.033203
0 0.113281 0.488281 0.017188 0.054688
0 0.362500 0.461914 0.009375 0.025391
0 0.368750 0.460938 0.009375 0.027344