2 0.838281 0.564453 0.320312 0.148438
0 0.732031 0.468750 0.023438 0.070312
0 0.708594 0.473633 0.023438 0.068359
2 0.202344 0.572266 0.204687 0.171875
2 0.409375 0.460938 0.043750 0.050781
0 0.531250 0.464844 0.025000 0.058594
0 0.560937 0.470703 0.021875 0.046875
0 0.309375 0.458984 0.021875 0.050781
2 0.654687 0.448242 0.053125 0.029297
2 0.469531 0.444336 0.035937 0.033203
2 0.896094 0.461914 0.054688 0.029297
2 0.908594 0.478516 0.079687 0.058594
2 0.942969 0.484375 0.110937 0.070312
2 0.960156 0.500977 0.076563 0.076172