2 0.167187 0.519531 0.165625 0.121094
2 0.252344 0.493164 0.107813 0.107422
2 0.307812 0.482422 0.053125 0.078125
0 0.338281 0.490234 0.023438 0.089844
2 0.360938 0.475586 0.046875 0.052734
2 0.404687 0.468750 0.053125 0.039062
2 0.521875 0.456055 0.028125 0.029297
2 0.717187 0.459961 0.068750 0.083984
2 0.754687 0.469727 0.059375 0.068359
2 0.800781 0.455078 0.085938 0.101562
2 0.892188 0.451172 0.059375 0.093750
2 0.951562 0.458984 0.084375 0.121094
0 0.451562 0.464844 0.018750 0.042969
2 0.564844 0.457031 0.029687 0.031250
2 0.462500 0.458008 0.018750 0.029297
2 0.488281 0.454102 0.020313 0.025391