2 0.075000 0.508789 0.150000 0.197266
2 0.180469 0.465820 0.157812 0.146484
2 0.153906 0.384766 0.123438 0.058594
2 0.258594 0.428711 0.085938 0.103516
2 0.307031 0.415039 0.060937 0.076172
2 0.346094 0.395508 0.060937 0.052734
2 0.371094 0.379883 0.057813 0.056641
2 0.725781 0.476562 0.107813 0.160156
2 0.862500 0.541016 0.271875 0.363281
2 0.401562 0.374023 0.021875 0.037109
2 0.414062 0.376953 0.018750 0.035156
2 0.427344 0.375000 0.014063 0.027344
2 0.432031 0.361328 0.029687 0.039062
0 0.468750 0.365234 0.018750 0.046875
2 0.558594 0.375977 0.023438 0.041016
2 0.546094 0.371094 0.023438 0.035156
2 0.607812 0.373047 0.018750 0.035156
0 0.775000 0.382812 0.025000 0.039062