2 0.932813 0.625000 0.131250 0.371094
2 0.812500 0.538086 0.334375 0.275391
2 0.650000 0.498047 0.137500 0.160156
2 0.578125 0.477539 0.090625 0.130859
2 0.482812 0.459961 0.034375 0.037109
2 0.475000 0.447266 0.040625 0.039062
2 0.450000 0.441406 0.018750 0.027344
2 0.406250 0.437500 0.018750 0.027344
2 0.393750 0.443359 0.009375 0.015625
2 0.377344 0.453125 0.035937 0.042969
2 0.351562 0.455078 0.021875 0.027344
2 0.309375 0.433594 0.018750 0.023438
2 0.287500 0.431641 0.028125 0.035156
2 0.273438 0.436523 0.021875 0.029297
2 0.235937 0.436523 0.040625 0.029297
2 0.208594 0.436523 0.020313 0.025391
2 0.192188 0.492188 0.046875 0.101562
2 0.189844 0.428711 0.032813 0.025391
0 0.142969 0.471680 0.042188 0.123047
1 0.143750 0.538086 0.046875 0.064453
2 0.068750 0.505859 0.103125 0.144531