2 0.140625 0.481445 0.100000 0.083984
2 0.102344 0.570312 0.195312 0.164062
2 0.263281 0.511719 0.107813 0.097656
2 0.310937 0.486328 0.078125 0.082031
2 0.374219 0.472656 0.054688 0.070312
2 0.612500 0.515625 0.037500 0.097656
2 0.667969 0.527344 0.132812 0.136719
2 0.730469 0.585938 0.179688 0.187500
2 0.405469 0.465820 0.020313 0.041016
2 0.418750 0.464844 0.021875 0.031250
2 0.422656 0.453125 0.032813 0.050781
2 0.041406 0.491211 0.082812 0.083984
0 0.453906 0.453125 0.020313 0.039062
2 0.575000 0.477539 0.037500 0.044922