2 0.915625 0.518555 0.165625 0.162109
2 0.910156 0.824219 0.173437 0.347656
2 0.845313 0.666992 0.306250 0.275391
2 0.355469 0.485352 0.057813 0.060547
2 0.299219 0.465820 0.035937 0.044922
2 0.058594 0.522461 0.117188 0.099609
0 0.275781 0.522461 0.035937 0.119141
0 0.239063 0.473633 0.021875 0.052734
0 0.667188 0.457031 0.018750 0.050781
0 0.630469 0.455078 0.020313 0.050781
0 0.651563 0.456055 0.025000 0.056641
1 0.271094 0.574219 0.035937 0.097656
2 0.049219 0.480469 0.098437 0.050781
2 0.559375 0.473633 0.078125 0.041016
0 0.556250 0.446289 0.018750 0.029297
2 0.450781 0.472656 0.035937 0.035156
2 0.433594 0.464844 0.026562 0.031250
2 0.414062 0.461914 0.025000 0.029297
1 0.817969 0.513672 0.051562 0.042969