0 0.835938 0.513672 0.046875 0.136719
0 0.778125 0.524414 0.021875 0.037109
0 0.710938 0.457031 0.018750 0.035156
2 0.601562 0.453125 0.056250 0.054688
2 0.567187 0.440430 0.025000 0.037109
2 0.559375 0.429688 0.034375 0.046875
2 0.537500 0.428711 0.018750 0.033203
2 0.518750 0.431641 0.021875 0.027344
2 0.469531 0.437500 0.020313 0.015625
2 0.450781 0.436523 0.023438 0.025391
2 0.428125 0.430664 0.018750 0.029297
2 0.407813 0.430664 0.031250 0.037109
0 0.375000 0.448242 0.021875 0.087891
2 0.325781 0.463867 0.076563 0.091797
2 0.142187 0.584961 0.284375 0.400391