2 0.041406 0.653320 0.082812 0.197266
2 0.135156 0.585938 0.195312 0.160156
2 0.277344 0.529297 0.120313 0.109375
2 0.346875 0.500977 0.059375 0.083984
0 0.381250 0.496094 0.025000 0.070312
0 0.472656 0.480469 0.020313 0.062500
2 0.536719 0.476562 0.070312 0.082031
2 0.603906 0.490234 0.048438 0.074219
2 0.646094 0.500000 0.082812 0.101562
2 0.696875 0.541016 0.106250 0.113281
2 0.756250 0.572266 0.156250 0.144531
2 0.877344 0.716797 0.235937 0.316406
2 0.932813 0.467773 0.125000 0.060547
2 0.825781 0.465820 0.054688 0.052734
2 0.731250 0.470703 0.059375 0.042969
2 0.761719 0.457031 0.026562 0.046875
2 0.739062 0.441406 0.046875 0.023438
2 0.502344 0.454102 0.026562 0.029297
2 0.400781 0.481445 0.042188 0.052734
2 0.418750 0.467773 0.040625 0.044922
2 0.457813 0.458984 0.028125 0.031250
2 0.967969 0.867188 0.060937 0.261719