2 0.597656 0.489258 0.117188 0.111328
2 0.536719 0.479492 0.054688 0.083984
2 0.509375 0.475586 0.034375 0.060547
2 0.485938 0.469727 0.028125 0.041016
2 0.429688 0.469727 0.050000 0.044922
1 0.368750 0.474609 0.009375 0.027344
0 0.746875 0.460938 0.031250 0.097656
0 0.712500 0.467773 0.021875 0.083984
1 0.217188 0.491211 0.015625 0.052734
0 0.381250 0.461914 0.009375 0.037109
2 0.404687 0.457031 0.015625 0.019531
0 0.368750 0.452148 0.009375 0.025391
0 0.341406 0.458984 0.007812 0.027344
0 0.332031 0.460938 0.010937 0.039062
0 0.295312 0.462891 0.012500 0.046875
0 0.286719 0.460938 0.007812 0.035156
0 0.272656 0.458984 0.017188 0.046875
1 0.273438 0.506836 0.018750 0.044922
0 0.242188 0.453125 0.015625 0.035156
1 0.198437 0.487305 0.028125 0.068359
1 0.188281 0.488281 0.023438 0.066406
1 0.117188 0.505859 0.025000 0.082031
1 0.093750 0.501953 0.031250 0.078125
1 0.046875 0.529297 0.059375 0.070312
1 0.015625 0.515625 0.031250 0.074219