2 0.077344 0.601562 0.151562 0.191406
2 0.248438 0.519531 0.065625 0.121094
2 0.173437 0.524414 0.037500 0.126953
0 0.200000 0.543945 0.040625 0.146484
1 0.200000 0.583984 0.046875 0.121094
2 0.274219 0.489258 0.045312 0.072266
2 0.328125 0.474609 0.059375 0.062500
2 0.671875 0.472656 0.106250 0.062500
2 0.935156 0.531250 0.123438 0.156250
2 0.780469 0.500977 0.060937 0.072266
2 0.827344 0.492188 0.023438 0.062500
2 0.373437 0.463867 0.031250 0.052734
2 0.399219 0.454102 0.029687 0.041016
2 0.582812 0.447266 0.025000 0.027344