0 0.694531 0.460938 0.073438 0.156250
1 0.708594 0.588867 0.023438 0.099609
2 0.536719 0.478516 0.035937 0.039062
2 0.521875 0.472656 0.015625 0.027344
2 0.512500 0.466797 0.015625 0.023438
2 0.504687 0.455078 0.012500 0.019531
2 0.462500 0.461914 0.012500 0.017578
2 0.450781 0.466797 0.014063 0.019531
2 0.431250 0.473633 0.012500 0.025391
2 0.417187 0.476562 0.021875 0.031250
2 0.401562 0.477539 0.018750 0.033203
2 0.373437 0.483398 0.037500 0.037109
2 0.344531 0.488281 0.023438 0.046875
2 0.320312 0.491211 0.031250 0.052734
2 0.260937 0.488281 0.090625 0.097656