2 0.605469 0.482422 0.057813 0.066406
2 0.631250 0.505859 0.081250 0.078125
2 0.732031 0.570312 0.157812 0.144531
2 0.861719 0.657227 0.267188 0.228516
2 0.967969 0.814453 0.051562 0.179688
2 0.393750 0.464844 0.040625 0.039062
2 0.371875 0.484375 0.053125 0.062500
2 0.307031 0.496094 0.095312 0.113281
0 0.492969 0.452148 0.017188 0.048828
2 0.423438 0.447266 0.031250 0.035156
0 0.455469 0.454102 0.020313 0.044922
0 0.521875 0.456055 0.018750 0.041016
2 0.564063 0.462891 0.037500 0.054688
2 0.539062 0.457031 0.028125 0.039062