2 0.065625 0.645508 0.128125 0.240234
2 0.145313 0.571289 0.181250 0.185547
2 0.272656 0.509766 0.101562 0.109375
2 0.337500 0.501953 0.043750 0.074219
2 0.402344 0.461914 0.048438 0.060547
2 0.566406 0.469727 0.029687 0.044922
2 0.682031 0.524414 0.132812 0.134766
2 0.744531 0.576172 0.173437 0.160156
2 0.873437 0.673828 0.246875 0.246094
2 0.432812 0.454102 0.028125 0.029297
2 0.446875 0.443359 0.028125 0.035156
2 0.548438 0.446289 0.037500 0.044922
2 0.029687 0.485352 0.059375 0.083984
2 0.624219 0.500977 0.057813 0.076172
2 0.596094 0.486328 0.045312 0.054688