2 0.894531 0.492188 0.145313 0.074219
2 0.817187 0.543945 0.081250 0.119141
2 0.710938 0.523438 0.065625 0.101562
0 0.746875 0.558594 0.059375 0.164062
0 0.664062 0.517578 0.028125 0.113281
1 0.748437 0.630859 0.040625 0.105469
0 0.041406 0.504883 0.042188 0.119141
0 0.190625 0.470703 0.018750 0.062500
0 0.204687 0.468750 0.018750 0.062500
2 0.610156 0.485352 0.067187 0.056641
2 0.514062 0.465820 0.053125 0.044922
2 0.467969 0.463867 0.045312 0.044922
2 0.427344 0.458008 0.048438 0.041016
0 0.556250 0.457031 0.018750 0.050781
2 0.021094 0.473633 0.042188 0.056641
2 0.338281 0.448242 0.035937 0.033203
0 0.373437 0.451172 0.012500 0.031250
0 0.364063 0.453125 0.009375 0.035156
1 0.668750 0.546875 0.021875 0.070312