2 0.077344 0.494141 0.151562 0.230469
0 0.088281 0.382812 0.035937 0.046875
0 0.126562 0.398438 0.037500 0.113281
2 0.242188 0.427734 0.068750 0.062500
2 0.192969 0.431641 0.054688 0.078125
2 0.317188 0.421875 0.046875 0.046875
2 0.507031 0.442383 0.076563 0.068359
2 0.544531 0.469727 0.107813 0.103516
2 0.878906 0.472656 0.235937 0.078125
2 0.426563 0.428711 0.025000 0.025391
0 0.406250 0.424805 0.015625 0.037109
2 0.160938 0.436523 0.046875 0.087891
2 0.278906 0.426758 0.032813 0.060547
2 0.348438 0.424805 0.028125 0.037109
2 0.369531 0.425781 0.020313 0.031250
0 0.452344 0.427734 0.014063 0.035156
0 0.392188 0.421875 0.018750 0.039062
2 0.861719 0.547852 0.204687 0.076172
2 0.946875 0.425781 0.103125 0.042969