2 0.437500 0.541992 0.087500 0.087891
2 0.439063 0.482422 0.046875 0.035156
2 0.485156 0.518555 0.051562 0.068359
0 0.707812 0.525391 0.037500 0.074219
0 0.059375 0.517578 0.031250 0.085938
0 0.033594 0.513672 0.035937 0.101562
0 0.011719 0.516602 0.020313 0.115234
0 0.547656 0.472656 0.014063 0.031250
0 0.360156 0.474609 0.020313 0.027344
0 0.340625 0.474609 0.018750 0.027344
0 0.332031 0.475586 0.014063 0.025391
1 0.705469 0.565430 0.035937 0.056641
2 0.613281 0.470703 0.023438 0.027344
0 0.989062 0.501953 0.018750 0.082031