2 0.546094 0.476562 0.079687 0.082031
2 0.355469 0.471680 0.051562 0.044922
2 0.042969 0.500977 0.082812 0.115234
0 0.609375 0.514648 0.068750 0.162109
0 0.294531 0.493164 0.054688 0.162109
0 0.173437 0.494141 0.043750 0.136719
1 0.960938 0.597656 0.068750 0.093750
1 0.647656 0.567383 0.076563 0.119141
1 0.564844 0.576172 0.067187 0.089844
1 0.311719 0.555664 0.045312 0.076172
1 0.271094 0.558594 0.032813 0.066406
1 0.170313 0.542969 0.034375 0.062500
2 0.507031 0.481445 0.026562 0.041016
2 0.501563 0.474609 0.034375 0.050781
2 0.150000 0.475586 0.031250 0.076172
1 0.212500 0.515625 0.025000 0.046875
0 0.211719 0.475586 0.026562 0.087891
2 0.389062 0.471680 0.028125 0.033203