0 0.686719 0.488281 0.023438 0.089844
2 0.588281 0.492188 0.070312 0.066406
2 0.494531 0.488281 0.035937 0.039062
2 0.471094 0.483398 0.023438 0.037109
2 0.459375 0.477539 0.018750 0.025391
2 0.436719 0.472656 0.020313 0.031250
2 0.416406 0.477539 0.017188 0.021484
2 0.385156 0.483398 0.020313 0.025391
2 0.371875 0.486328 0.018750 0.023438
2 0.346875 0.491211 0.028125 0.025391
2 0.318750 0.484375 0.028125 0.039062
2 0.301563 0.485352 0.021875 0.044922
2 0.288281 0.488281 0.026562 0.042969
2 0.258594 0.490234 0.039062 0.054688
2 0.210156 0.500000 0.060937 0.062500
2 0.132031 0.503906 0.101562 0.078125