0 0.896875 0.520508 0.084375 0.224609
0 0.371094 0.499023 0.073438 0.177734
0 0.225000 0.495117 0.046875 0.126953
0 0.206250 0.471680 0.050000 0.126953
2 0.171875 0.482422 0.050000 0.089844
0 0.132031 0.484375 0.045312 0.121094
2 0.547656 0.477539 0.076563 0.076172
2 0.323437 0.480469 0.040625 0.054688
2 0.042188 0.500000 0.084375 0.117188
1 0.952344 0.586914 0.085938 0.134766
1 0.837500 0.607422 0.081250 0.101562
1 0.420312 0.553711 0.059375 0.123047
1 0.347656 0.566406 0.067187 0.074219
1 0.219531 0.554688 0.032813 0.074219
1 0.132031 0.536133 0.045312 0.060547
2 0.507812 0.481445 0.025000 0.044922
2 0.497656 0.476562 0.029687 0.042969