0 0.258594 0.657227 0.257812 0.654297
0 0.431250 0.490234 0.043750 0.085938
0 0.365625 0.489258 0.015625 0.083984
2 0.877344 0.540039 0.242188 0.150391
2 0.128906 0.482422 0.232813 0.109375
2 0.713281 0.512695 0.092188 0.087891
2 0.542969 0.474609 0.023438 0.031250
2 0.665625 0.497070 0.059375 0.068359
2 0.527344 0.467773 0.020313 0.025391
2 0.477344 0.458008 0.017188 0.021484
2 0.394531 0.467773 0.048438 0.060547
2 0.407031 0.466797 0.029687 0.050781
0 0.380469 0.488281 0.020313 0.093750
0 0.364063 0.491211 0.028125 0.076172