0 0.955469 0.666992 0.079687 0.271484
1 0.945312 0.785156 0.090625 0.199219
1 0.739844 0.588867 0.032813 0.095703
0 0.950781 0.497070 0.035937 0.064453
0 0.908594 0.489258 0.042188 0.072266
0 0.573438 0.458008 0.018750 0.056641
0 0.557813 0.458008 0.018750 0.060547
0 0.114844 0.474609 0.023438 0.078125
0 0.088281 0.475586 0.026562 0.087891
2 0.647656 0.496094 0.104688 0.078125
0 0.736719 0.529297 0.054688 0.132812
2 0.887500 0.587891 0.100000 0.140625
2 0.828125 0.548828 0.131250 0.167969
2 0.421094 0.451172 0.054688 0.035156
2 0.453906 0.467773 0.054688 0.052734
2 0.510156 0.468750 0.051562 0.058594
2 0.312500 0.439453 0.034375 0.027344
0 0.364063 0.449219 0.012500 0.039062
0 0.353125 0.449219 0.015625 0.039062