2 0.241406 0.467773 0.054688 0.052734
2 0.612500 0.471680 0.075000 0.083984
2 0.373437 0.461914 0.056250 0.056641
2 0.029687 0.457031 0.050000 0.082031
0 0.560156 0.463867 0.023438 0.064453
0 0.540625 0.459961 0.021875 0.068359
0 0.418750 0.458008 0.025000 0.064453
2 0.064062 0.458008 0.071875 0.072266
2 0.155469 0.463867 0.029687 0.076172
2 0.178906 0.460938 0.045312 0.058594
2 0.170313 0.428711 0.050000 0.041016
2 0.307812 0.478516 0.090625 0.089844
2 0.432812 0.454102 0.021875 0.044922
2 0.447656 0.455078 0.020313 0.039062
2 0.458594 0.447266 0.023438 0.035156