0 0.818750 0.511719 0.053125 0.164062
2 0.903125 0.491211 0.156250 0.099609
2 0.766406 0.503906 0.076563 0.101562
2 0.674219 0.473633 0.035937 0.068359
2 0.607031 0.491211 0.095312 0.091797
2 0.541406 0.456055 0.032813 0.041016
2 0.509375 0.466797 0.062500 0.062500
2 0.446094 0.458008 0.051562 0.056641
2 0.247656 0.482422 0.104688 0.101562
2 0.392188 0.458984 0.043750 0.046875
2 0.350000 0.460938 0.053125 0.062500
2 0.337500 0.473633 0.031250 0.060547
2 0.307812 0.477539 0.046875 0.072266
2 0.975781 0.470703 0.045312 0.074219