2 0.107813 0.597656 0.215625 0.304688
2 0.238281 0.569336 0.107813 0.150391
2 0.266406 0.535156 0.104688 0.109375
2 0.313281 0.516602 0.073438 0.083984
2 0.345313 0.499023 0.059375 0.072266
2 0.416406 0.470703 0.048438 0.050781
2 0.525000 0.452148 0.031250 0.037109
0 0.632812 0.504883 0.025000 0.123047
0 0.616406 0.516602 0.026562 0.107422
0 0.589844 0.508789 0.029687 0.126953
2 0.707812 0.537109 0.125000 0.121094
2 0.889844 0.679688 0.210938 0.382812
2 0.445312 0.458984 0.025000 0.042969
2 0.461719 0.453125 0.020313 0.031250
2 0.232031 0.466797 0.095312 0.039062