2 0.942969 0.487305 0.107813 0.107422
2 0.857031 0.484375 0.145313 0.097656
2 0.784375 0.463867 0.078125 0.068359
2 0.737500 0.461914 0.093750 0.068359
2 0.696875 0.462891 0.056250 0.042969
0 0.565625 0.467773 0.012500 0.041016
0 0.556250 0.464844 0.015625 0.050781
0 0.542188 0.467773 0.015625 0.044922
2 0.537500 0.459961 0.046875 0.037109
2 0.407813 0.440430 0.018750 0.025391
2 0.379688 0.457031 0.040625 0.046875
2 0.329688 0.461914 0.021875 0.029297
2 0.305469 0.460938 0.023438 0.035156
2 0.286719 0.463867 0.026562 0.044922
2 0.260156 0.458984 0.042188 0.046875
2 0.214062 0.466797 0.078125 0.066406
2 0.068750 0.485352 0.103125 0.099609
2 0.148438 0.459961 0.071875 0.052734
2 0.026562 0.500000 0.053125 0.140625
2 0.450781 0.448242 0.023438 0.025391