0 0.875000 0.529297 0.050000 0.195312
0 0.819531 0.516602 0.082812 0.220703
0 0.621875 0.506836 0.062500 0.185547
0 0.583594 0.514648 0.060937 0.181641
0 0.496094 0.486328 0.079687 0.167969
0 0.432812 0.474609 0.053125 0.164062
0 0.404687 0.463867 0.040625 0.123047
0 0.374219 0.462891 0.029687 0.140625
0 0.340625 0.493164 0.040625 0.150391
2 0.189844 0.432617 0.073438 0.068359
2 0.312500 0.459961 0.028125 0.134766
2 0.283594 0.459961 0.035937 0.134766
0 0.239063 0.416992 0.025000 0.060547
2 0.641406 0.466797 0.029687 0.070312
2 0.685937 0.448242 0.068750 0.037109