2 0.910156 0.498047 0.176563 0.460938
2 0.805469 0.529297 0.042188 0.164062
2 0.768750 0.537109 0.087500 0.136719
2 0.751563 0.500977 0.137500 0.169922
0 0.658594 0.515625 0.026562 0.144531
2 0.622656 0.492188 0.064062 0.078125
2 0.573438 0.504883 0.068750 0.072266
2 0.486719 0.501953 0.107813 0.167969
0 0.423438 0.513672 0.065625 0.214844
1 0.430469 0.618164 0.035937 0.115234
0 0.373437 0.485352 0.028125 0.083984
1 0.375781 0.517578 0.017188 0.050781
2 0.282813 0.500000 0.096875 0.121094
2 0.171875 0.497070 0.209375 0.193359
0 0.046094 0.544922 0.070312 0.351562
2 0.331250 0.496094 0.050000 0.082031
2 0.089844 0.533203 0.067187 0.191406
2 0.627344 0.519531 0.045312 0.101562