1 0.585156 0.524414 0.023438 0.107422
1 0.493750 0.525391 0.021875 0.093750
1 0.448437 0.500977 0.015625 0.052734
0 0.821875 0.443359 0.025000 0.074219
0 0.032031 0.465820 0.039062 0.146484
2 0.235937 0.491211 0.106250 0.083984
2 0.284375 0.480469 0.053125 0.066406
2 0.304688 0.473633 0.040625 0.052734
1 0.761719 0.502930 0.029687 0.099609
1 0.671875 0.495117 0.018750 0.083984
1 0.723437 0.497070 0.046875 0.099609
1 0.648438 0.493164 0.028125 0.087891
0 0.586719 0.424805 0.042188 0.095703
0 0.547656 0.458008 0.014063 0.052734
0 0.492969 0.445312 0.042188 0.085938
0 0.446875 0.449219 0.028125 0.054688
2 0.390625 0.458984 0.025000 0.023438
1 0.161719 0.487305 0.029687 0.052734
0 0.126562 0.474609 0.018750 0.062500