2 0.851562 0.575195 0.293750 0.275391
2 0.617969 0.518555 0.173437 0.142578
2 0.732031 0.462891 0.079687 0.042969
2 0.453125 0.477539 0.103125 0.091797
2 0.302344 0.472656 0.048438 0.046875
2 0.269531 0.478516 0.020313 0.039062
2 0.032031 0.486328 0.020313 0.058594
2 0.197656 0.474609 0.039062 0.031250
2 0.171094 0.474609 0.017188 0.027344
2 0.378906 0.457031 0.029687 0.023438
2 0.157031 0.472656 0.014063 0.023438
2 0.139844 0.473633 0.020313 0.025391
2 0.050000 0.484375 0.018750 0.046875
2 0.014844 0.490234 0.029687 0.066406