2 0.967969 0.695312 0.060937 0.265625
2 0.815625 0.545898 0.337500 0.236328
2 0.571094 0.496094 0.148438 0.105469
2 0.457031 0.465820 0.039062 0.037109
2 0.667969 0.474609 0.085938 0.062500
1 0.247656 0.533203 0.035937 0.097656
1 0.360156 0.476562 0.017188 0.035156
0 0.360938 0.449219 0.009375 0.027344
0 0.346875 0.453125 0.009375 0.035156
0 0.338281 0.453125 0.007812 0.035156
0 0.245312 0.443359 0.037500 0.085938
1 0.215625 0.482422 0.021875 0.058594
1 0.190625 0.487305 0.021875 0.064453
1 0.168750 0.490234 0.021875 0.066406
1 0.155469 0.494141 0.035937 0.082031
1 0.126562 0.481445 0.028125 0.076172