2 0.937500 0.434570 0.121875 0.087891
0 0.859375 0.433594 0.031250 0.128906
0 0.829688 0.438477 0.031250 0.134766
0 0.787500 0.419922 0.037500 0.093750
0 0.689844 0.411133 0.020313 0.072266
0 0.675000 0.410156 0.018750 0.066406
0 0.662500 0.412109 0.018750 0.070312
0 0.635156 0.415039 0.020313 0.072266
0 0.621875 0.421875 0.018750 0.062500
0 0.603906 0.416992 0.020313 0.060547
0 0.590625 0.423828 0.018750 0.039062
0 0.579688 0.421875 0.018750 0.054688
0 0.567187 0.420898 0.018750 0.052734
0 0.528906 0.431641 0.020313 0.050781
0 0.500000 0.438477 0.015625 0.041016
2 0.450000 0.446289 0.031250 0.025391
0 0.244531 0.455078 0.020313 0.039062
0 0.218750 0.451172 0.018750 0.050781
0 0.206250 0.453125 0.018750 0.050781
0 0.180469 0.447266 0.020313 0.050781
0 0.163281 0.448242 0.020313 0.060547
2 0.039844 0.505859 0.079687 0.140625