0 0.900000 0.500977 0.040625 0.130859
0 0.841406 0.502930 0.035937 0.134766
0 0.774219 0.514648 0.032813 0.107422
2 0.492188 0.509766 0.031250 0.027344
2 0.476562 0.497070 0.021875 0.025391
2 0.462500 0.486328 0.021875 0.023438
2 0.464062 0.472656 0.028125 0.023438
2 0.398438 0.468750 0.021875 0.027344
2 0.386719 0.477539 0.020313 0.025391
2 0.371094 0.486328 0.023438 0.031250
2 0.359375 0.489258 0.025000 0.033203
2 0.340625 0.503906 0.034375 0.035156
2 0.250781 0.540039 0.139063 0.119141
0 0.524219 0.484375 0.010937 0.027344