0 0.975000 0.513672 0.031250 0.148438
0 0.946875 0.460938 0.018750 0.031250
0 0.931250 0.518555 0.031250 0.123047
0 0.892188 0.515625 0.028125 0.117188
0 0.869531 0.514648 0.020313 0.095703
0 0.851562 0.512695 0.025000 0.115234
0 0.828906 0.506836 0.023438 0.115234
0 0.797656 0.507812 0.026562 0.109375
0 0.775781 0.469727 0.020313 0.025391
0 0.764062 0.517578 0.021875 0.078125
0 0.754687 0.467773 0.021875 0.025391
0 0.728125 0.484375 0.018750 0.070312
0 0.702344 0.499023 0.023438 0.064453
0 0.687500 0.465820 0.018750 0.037109
0 0.659375 0.469727 0.015625 0.044922
0 0.641406 0.464844 0.014063 0.046875
0 0.626563 0.469727 0.018750 0.041016
0 0.609375 0.461914 0.015625 0.029297
2 0.457031 0.485352 0.060937 0.064453
2 0.474219 0.438477 0.020313 0.025391
2 0.283594 0.459961 0.042188 0.037109