0 0.314844 0.469727 0.020313 0.044922
2 0.932031 0.852539 0.129688 0.287109
2 0.853125 0.680664 0.287500 0.259766
2 0.694531 0.549805 0.151562 0.126953
2 0.614062 0.518555 0.078125 0.099609
2 0.569531 0.471680 0.045312 0.044922
2 0.092969 0.480469 0.120313 0.066406
2 0.163281 0.458984 0.135937 0.089844
2 0.281250 0.537109 0.121875 0.125000
2 0.492969 0.441406 0.029687 0.027344
2 0.039062 0.519531 0.037500 0.062500
2 0.440625 0.454102 0.028125 0.025391
2 0.259375 0.461914 0.059375 0.033203
2 0.281250 0.451172 0.053125 0.035156