2 0.900000 0.515625 0.196875 0.332031
0 0.745313 0.557617 0.115625 0.365234
0 0.684375 0.519531 0.059375 0.265625
2 0.621875 0.509766 0.087500 0.132812
2 0.564844 0.500977 0.026562 0.056641
2 0.545312 0.488281 0.046875 0.070312
2 0.502344 0.484375 0.045312 0.062500
2 0.473438 0.474609 0.021875 0.035156
2 0.462500 0.456055 0.021875 0.025391
2 0.400000 0.483398 0.118750 0.154297
2 0.333594 0.459961 0.020313 0.037109
2 0.314063 0.461914 0.028125 0.037109
2 0.293750 0.471680 0.043750 0.068359
2 0.217969 0.485352 0.070312 0.091797
2 0.182812 0.491211 0.056250 0.115234
2 0.092969 0.485352 0.185938 0.333984
2 0.230469 0.471680 0.092188 0.087891