0 0.878906 0.521484 0.026562 0.109375
0 0.843750 0.514648 0.028125 0.099609
0 0.818750 0.520508 0.028125 0.099609
0 0.730469 0.521484 0.029687 0.085938
0 0.700781 0.532227 0.020313 0.072266
0 0.679688 0.534180 0.025000 0.087891
0 0.658594 0.534180 0.020313 0.076172
0 0.632031 0.538086 0.020313 0.072266
0 0.614844 0.541016 0.020313 0.062500
0 0.593750 0.543945 0.018750 0.056641
0 0.580469 0.541016 0.020313 0.058594
0 0.564063 0.544922 0.018750 0.054688
2 0.411719 0.499023 0.017188 0.021484
2 0.432031 0.519531 0.020313 0.019531
2 0.382812 0.541992 0.028125 0.044922
2 0.345313 0.541992 0.028125 0.041016
2 0.410156 0.554688 0.029687 0.058594
2 0.462500 0.547852 0.071875 0.076172
0 0.327344 0.541992 0.014063 0.041016
0 0.273438 0.541992 0.012500 0.044922
0 0.261719 0.541016 0.014063 0.042969
0 0.242188 0.545898 0.018750 0.044922
2 0.210938 0.565430 0.021875 0.033203
2 0.185938 0.555664 0.018750 0.044922
0 0.018750 0.560547 0.028125 0.089844