0 0.009375 0.456055 0.018750 0.099609
0 0.639844 0.493164 0.026562 0.115234
0 0.668750 0.492188 0.028125 0.097656
0 0.971875 0.508789 0.046875 0.107422
0 0.887500 0.505859 0.034375 0.121094
2 0.593750 0.474609 0.037500 0.035156
0 0.304688 0.467773 0.021875 0.052734
0 0.289062 0.463867 0.021875 0.056641
0 0.274219 0.462891 0.023438 0.058594
2 0.508594 0.458984 0.020313 0.019531
2 0.525781 0.460938 0.026562 0.031250
0 0.719531 0.471680 0.023438 0.052734
0 0.753906 0.489258 0.026562 0.091797
0 0.782813 0.488281 0.025000 0.078125
0 0.798438 0.475586 0.021875 0.052734
0 0.812500 0.472656 0.021875 0.046875
1 0.817969 0.513672 0.029687 0.042969