0 0.575000 0.468750 0.021875 0.070312
0 0.760938 0.454102 0.028125 0.041016
0 0.444531 0.463867 0.020313 0.056641
2 0.532031 0.448242 0.023438 0.025391
2 0.340625 0.482422 0.078125 0.074219
2 0.696094 0.504883 0.110937 0.126953
2 0.626563 0.492188 0.056250 0.066406
2 0.707812 0.544922 0.106250 0.132812
2 0.858594 0.578125 0.276562 0.273438
2 0.160156 0.513672 0.210938 0.171875
2 0.261719 0.464844 0.045312 0.050781
0 0.487500 0.456055 0.021875 0.041016
0 0.432031 0.461914 0.020313 0.056641
0 0.421094 0.462891 0.014063 0.050781
2 0.613281 0.471680 0.060937 0.060547