2 0.900781 0.453125 0.070312 0.125000
2 0.333594 0.494141 0.098437 0.089844
2 0.173437 0.612305 0.340625 0.283203
0 0.181250 0.492188 0.025000 0.062500
0 0.613281 0.462891 0.023438 0.101562
0 0.685156 0.457031 0.029687 0.101562
0 0.778906 0.509766 0.060937 0.195312
0 0.839844 0.484375 0.070312 0.230469
0 0.928906 0.664062 0.129688 0.664062
2 0.421094 0.459961 0.048438 0.029297
0 0.539062 0.467773 0.018750 0.044922
0 0.553125 0.456055 0.018750 0.041016
0 0.577344 0.458984 0.023438 0.050781
0 0.656250 0.463867 0.025000 0.091797
0 0.639062 0.461914 0.025000 0.099609
2 0.725781 0.461914 0.035937 0.064453