2 0.142969 0.595703 0.226562 0.160156
2 0.238281 0.554688 0.117188 0.121094
2 0.303125 0.523438 0.081250 0.109375
2 0.371875 0.500000 0.081250 0.066406
2 0.504687 0.464844 0.056250 0.046875
2 0.645312 0.494141 0.084375 0.070312
2 0.725000 0.544922 0.087500 0.101562
2 0.856250 0.607422 0.243750 0.207031
2 0.421875 0.484375 0.037500 0.050781
0 0.443750 0.471680 0.018750 0.044922
2 0.243750 0.460938 0.087500 0.042969
2 0.227344 0.475586 0.060937 0.037109
2 0.172656 0.480469 0.051562 0.062500
2 0.958594 0.468750 0.079687 0.070312
2 0.921094 0.485352 0.092188 0.060547
2 0.862500 0.478516 0.084375 0.046875
2 0.602344 0.471680 0.045312 0.044922