0 0.907813 0.508789 0.034375 0.123047
0 0.769531 0.543945 0.035937 0.095703
0 0.755469 0.467773 0.023438 0.060547
2 0.678125 0.512695 0.146875 0.138672
2 0.603125 0.505859 0.043750 0.085938
2 0.565625 0.486328 0.053125 0.058594
2 0.539844 0.474609 0.023438 0.031250
2 0.524219 0.470703 0.020313 0.031250
2 0.484375 0.485352 0.056250 0.060547
2 0.447656 0.438477 0.014063 0.017578
2 0.453906 0.455078 0.010937 0.019531
2 0.423438 0.481445 0.018750 0.025391
2 0.410156 0.483398 0.017188 0.037109
2 0.375000 0.488281 0.075000 0.082031
0 0.025000 0.507812 0.021875 0.046875
0 0.007031 0.503906 0.014063 0.058594