2 0.704688 0.513672 0.093750 0.097656
0 0.769531 0.438477 0.026562 0.044922
0 0.742188 0.437500 0.021875 0.046875
2 0.510156 0.481445 0.073438 0.072266
2 0.173437 0.458008 0.103125 0.095703
2 0.233594 0.502930 0.129688 0.119141
2 0.259375 0.440430 0.043750 0.064453
0 0.128125 0.451172 0.031250 0.082031
0 0.096094 0.451172 0.029687 0.085938
2 0.917188 0.481445 0.078125 0.083984
2 0.829688 0.464844 0.059375 0.058594
0 0.987500 0.502930 0.021875 0.095703
2 0.480469 0.457031 0.051562 0.062500
2 0.450000 0.453125 0.025000 0.031250
2 0.299219 0.439453 0.032813 0.046875
2 0.325781 0.439453 0.023438 0.035156
2 0.809375 0.493164 0.112500 0.052734