0 0.339844 0.492188 0.029687 0.097656
0 0.248438 0.468750 0.021875 0.050781
0 0.630469 0.451172 0.020313 0.046875
0 0.614844 0.449219 0.020313 0.046875
2 0.874219 0.492188 0.201563 0.121094
2 0.732031 0.589844 0.195312 0.191406
2 0.852344 0.696289 0.292187 0.294922
2 0.361719 0.470703 0.029687 0.046875
2 0.099219 0.509766 0.120313 0.097656
2 0.031250 0.513672 0.059375 0.121094
0 0.574219 0.442383 0.020313 0.033203
0 0.542188 0.441406 0.018750 0.031250
2 0.300000 0.462891 0.037500 0.046875
2 0.445312 0.462891 0.034375 0.035156
2 0.428906 0.457031 0.029687 0.031250
2 0.406250 0.457031 0.021875 0.027344
2 0.945312 0.890625 0.103125 0.207031