2 0.970313 0.492188 0.056250 0.117188
2 0.960938 0.407227 0.071875 0.068359
0 0.910937 0.504883 0.084375 0.298828
0 0.838281 0.492188 0.057813 0.203125
0 0.775000 0.506836 0.065625 0.185547
0 0.611719 0.458984 0.026562 0.085938
0 0.046094 0.497070 0.029687 0.087891
0 0.023438 0.495117 0.031250 0.083984
2 0.560156 0.463867 0.073438 0.068359
2 0.500000 0.472656 0.031250 0.050781
0 0.667969 0.442383 0.020313 0.052734
0 0.639062 0.449219 0.018750 0.042969
0 0.631250 0.459961 0.028125 0.068359
2 0.454688 0.461914 0.034375 0.029297
0 0.157031 0.479492 0.020313 0.041016
0 0.127344 0.491211 0.020313 0.033203
0 0.383594 0.459961 0.014063 0.025391
0 0.364063 0.459961 0.012500 0.029297