0 0.565625 0.456055 0.018750 0.052734
0 0.551562 0.462891 0.018750 0.058594
0 0.699219 0.521484 0.048438 0.128906
0 0.831250 0.596680 0.078125 0.193359
1 0.826562 0.682617 0.062500 0.138672
0 0.851562 0.470703 0.028125 0.054688
0 0.818750 0.476562 0.034375 0.046875
0 0.164844 0.472656 0.026562 0.070312
0 0.146094 0.472656 0.023438 0.070312
2 0.927344 0.606445 0.142187 0.181641
2 0.463281 0.464844 0.051562 0.039062
2 0.428906 0.456055 0.054688 0.037109
2 0.621875 0.488281 0.087500 0.062500
2 0.942187 0.486328 0.109375 0.062500
2 0.800000 0.555664 0.137500 0.115234
2 0.746875 0.522461 0.100000 0.123047
2 0.324219 0.446289 0.035937 0.037109
0 0.371875 0.453125 0.012500 0.035156
0 0.360938 0.453125 0.015625 0.035156
2 0.507031 0.470703 0.060937 0.054688
1 0.703125 0.566406 0.025000 0.085938
1 0.086719 0.558594 0.035937 0.054688