0 0.946875 0.427734 0.043750 0.136719
0 0.925000 0.369141 0.018750 0.058594
0 0.907031 0.417969 0.026562 0.089844
0 0.878906 0.427734 0.026562 0.125000
0 0.857031 0.378906 0.020313 0.058594
0 0.835156 0.351562 0.014063 0.027344
0 0.845313 0.433594 0.021875 0.125000
0 0.825000 0.348633 0.009375 0.029297
0 0.811719 0.355469 0.017188 0.042969
0 0.796875 0.351562 0.012500 0.027344
0 0.824219 0.424805 0.023438 0.119141
0 0.805469 0.429688 0.029687 0.105469
0 0.786719 0.408203 0.023438 0.105469
0 0.754687 0.386719 0.018750 0.039062
0 0.737500 0.396484 0.018750 0.058594
0 0.760156 0.458984 0.045312 0.144531
0 0.714844 0.439453 0.026562 0.093750
0 0.700000 0.415039 0.015625 0.099609
0 0.685156 0.372070 0.010937 0.025391
0 0.667969 0.393555 0.020313 0.056641
0 0.653906 0.373047 0.014063 0.046875
0 0.642969 0.371094 0.010937 0.035156
0 0.635156 0.357422 0.010937 0.019531
0 0.629687 0.387695 0.018750 0.041016
0 0.619531 0.374023 0.014063 0.044922
0 0.607031 0.383789 0.014063 0.048828
0 0.596875 0.384766 0.009375 0.046875
0 0.587500 0.381836 0.009375 0.044922
0 0.578906 0.379883 0.010937 0.037109
0 0.571875 0.379883 0.009375 0.029297
0 0.556250 0.380859 0.015625 0.023438
0 0.534375 0.365234 0.015625 0.019531
2 0.468750 0.372070 0.028125 0.033203
2 0.485938 0.387695 0.034375 0.044922
2 0.514062 0.400391 0.062500 0.058594
2 0.544531 0.433594 0.095312 0.093750
2 0.438281 0.368164 0.045312 0.033203
2 0.428906 0.413086 0.060937 0.068359
2 0.396094 0.377930 0.023438 0.033203
2 0.384375 0.386719 0.025000 0.039062
2 0.357031 0.397461 0.045312 0.064453
2 0.307031 0.418945 0.085938 0.091797
2 0.260937 0.400391 0.025000 0.027344
2 0.228906 0.423828 0.067187 0.074219
0 0.174219 0.432617 0.029687 0.091797
0 0.110156 0.415039 0.020313 0.076172
0 0.072656 0.419922 0.020313 0.082031