0 0.752344 0.551758 0.110937 0.361328
2 0.447656 0.463867 0.029687 0.029297
2 0.437500 0.453125 0.015625 0.019531
2 0.423438 0.447266 0.009375 0.015625
2 0.396094 0.459961 0.017188 0.021484
2 0.376563 0.458984 0.012500 0.019531
2 0.365625 0.463867 0.015625 0.021484
2 0.356250 0.463867 0.009375 0.021484
2 0.341406 0.463867 0.020313 0.029297
2 0.328125 0.468750 0.021875 0.027344
0 0.311719 0.470703 0.010937 0.035156
0 0.300781 0.467773 0.010937 0.041016
2 0.280469 0.469727 0.032813 0.056641
0 0.244531 0.487305 0.042188 0.123047
2 0.214062 0.485352 0.021875 0.083984
0 0.172656 0.596680 0.082812 0.380859
0 0.119531 0.479492 0.029687 0.087891
0 0.094531 0.493164 0.020313 0.060547
0 0.050000 0.636719 0.071875 0.363281
0 0.021094 0.637695 0.042188 0.349609