0 0.790625 0.520508 0.037500 0.123047
0 0.743750 0.518555 0.046875 0.119141
2 0.885938 0.808594 0.218750 0.375000
2 0.655469 0.536133 0.142187 0.126953
2 0.589063 0.489258 0.096875 0.103516
2 0.532813 0.465820 0.046875 0.041016
2 0.388281 0.455078 0.042188 0.035156
2 0.331250 0.484375 0.053125 0.050781
2 0.296094 0.503906 0.048438 0.070312
2 0.260156 0.521484 0.076563 0.097656
2 0.164844 0.542969 0.154688 0.152344
2 0.037500 0.628906 0.075000 0.203125
2 0.692969 0.461914 0.067187 0.044922
2 0.354687 0.473633 0.034375 0.037109
2 0.517188 0.457031 0.037500 0.035156
2 0.428906 0.439453 0.020313 0.023438