2 0.550781 0.470703 0.110937 0.046875
0 0.892188 0.502930 0.037500 0.126953
0 0.868750 0.503906 0.040625 0.128906
0 0.760156 0.483398 0.026562 0.083984
0 0.791406 0.474609 0.020313 0.093750
0 0.435156 0.474609 0.029687 0.089844
0 0.399219 0.477539 0.029687 0.072266
1 0.033594 0.506836 0.064062 0.115234
0 0.217188 0.453125 0.025000 0.062500
0 0.185156 0.447266 0.026562 0.062500
0 0.483594 0.460938 0.014063 0.042969
0 0.471875 0.459961 0.018750 0.044922
0 0.458594 0.459961 0.014063 0.041016
0 0.812500 0.465820 0.021875 0.044922
0 0.742188 0.467773 0.025000 0.041016
1 0.088281 0.513672 0.057813 0.101562
1 0.139844 0.496094 0.032813 0.062500