2 0.134375 0.536133 0.206250 0.166016
2 0.247656 0.510742 0.098437 0.107422
2 0.324219 0.495117 0.079687 0.076172
2 0.383594 0.484375 0.054688 0.058594
2 0.736719 0.529297 0.173437 0.164062
2 0.849219 0.592773 0.270313 0.248047
2 0.939063 0.728516 0.112500 0.238281
2 0.644531 0.500000 0.051562 0.085938
0 0.556250 0.460938 0.018750 0.039062
0 0.446875 0.464844 0.018750 0.058594
2 0.603906 0.485352 0.032813 0.056641
2 0.592187 0.471680 0.037500 0.052734
2 0.409375 0.466797 0.040625 0.054688
2 0.470313 0.456055 0.021875 0.029297
2 0.580469 0.466797 0.032813 0.042969
2 0.489063 0.455078 0.018750 0.023438