2 0.053125 0.459961 0.106250 0.123047
2 0.890625 0.497070 0.215625 0.267578
2 0.770312 0.502930 0.090625 0.123047
0 0.314063 0.470703 0.031250 0.089844
1 0.482812 0.497070 0.037500 0.048828
2 0.244531 0.488281 0.114062 0.089844
2 0.350000 0.472656 0.037500 0.062500
2 0.724219 0.489258 0.095312 0.091797
2 0.668750 0.477539 0.062500 0.068359
2 0.375781 0.469727 0.042188 0.044922
2 0.390625 0.462891 0.034375 0.046875
2 0.635938 0.471680 0.025000 0.064453
2 0.614062 0.467773 0.025000 0.060547
2 0.591406 0.462891 0.026562 0.046875
2 0.567969 0.458008 0.023438 0.037109
2 0.553125 0.456055 0.021875 0.029297
2 0.540625 0.455078 0.018750 0.023438
2 0.522656 0.456055 0.020313 0.025391
0 0.482812 0.446289 0.025000 0.056641
2 0.459375 0.456055 0.018750 0.025391
2 0.442188 0.456055 0.021875 0.029297
2 0.425781 0.459961 0.020313 0.037109
2 0.414062 0.460938 0.021875 0.035156