1 0.773438 0.554688 0.031250 0.066406
1 0.721094 0.537109 0.023438 0.062500
1 0.674219 0.527344 0.026562 0.050781
1 0.626563 0.518555 0.018750 0.041016
1 0.567187 0.499023 0.025000 0.041016
1 0.587500 0.505859 0.021875 0.042969
1 0.612500 0.512695 0.018750 0.037109
0 0.774219 0.515625 0.045312 0.117188
0 0.722656 0.491211 0.032813 0.087891
0 0.675000 0.493164 0.040625 0.087891
0 0.626563 0.495117 0.021875 0.060547
0 0.610938 0.483398 0.021875 0.052734
0 0.585938 0.483398 0.021875 0.056641
0 0.567969 0.482422 0.026562 0.046875
2 0.838281 0.505859 0.117188 0.093750