2 0.116406 0.512695 0.145313 0.130859
2 0.280469 0.491211 0.079687 0.087891
1 0.846875 0.576172 0.040625 0.128906
1 0.814844 0.589844 0.026562 0.082031
1 0.692969 0.548828 0.035937 0.074219
1 0.629687 0.536133 0.028125 0.037109
0 0.825781 0.504883 0.076563 0.201172
0 0.696875 0.502930 0.037500 0.123047
0 0.629687 0.498047 0.031250 0.078125
0 0.582812 0.486328 0.034375 0.082031
0 0.552344 0.493164 0.023438 0.052734
1 0.553125 0.517578 0.018750 0.035156
2 0.433594 0.495117 0.020313 0.021484
0 0.531250 0.489258 0.018750 0.044922
0 0.521875 0.497070 0.018750 0.044922
1 0.521094 0.516602 0.023438 0.025391
1 0.583594 0.523438 0.020313 0.054688