2 0.830469 0.474609 0.023438 0.062500
2 0.807813 0.464844 0.056250 0.070312
2 0.924219 0.449219 0.148438 0.144531
2 0.951562 0.487305 0.087500 0.119141
0 0.632812 0.461914 0.028125 0.091797
0 0.389844 0.469727 0.020313 0.076172
0 0.368750 0.476562 0.028125 0.074219
0 0.128125 0.487305 0.018750 0.033203
0 0.676562 0.428711 0.018750 0.029297
2 0.728125 0.450195 0.037500 0.041016
0 0.475000 0.458008 0.021875 0.044922
0 0.615625 0.474609 0.018750 0.050781
0 0.601562 0.463867 0.025000 0.072266
0 0.167969 0.480469 0.020313 0.039062