2 0.896094 0.459961 0.035937 0.044922
2 0.957031 0.460938 0.057813 0.046875
2 0.789062 0.464844 0.100000 0.042969
2 0.721875 0.465820 0.053125 0.041016
2 0.689063 0.461914 0.053125 0.041016
2 0.664844 0.458984 0.042188 0.035156
0 0.578906 0.459961 0.017188 0.041016
2 0.479687 0.457031 0.040625 0.031250
2 0.450000 0.455078 0.018750 0.023438
2 0.433594 0.449219 0.023438 0.027344
2 0.457031 0.435547 0.020313 0.023438
2 0.336719 0.463867 0.045312 0.048828
2 0.249219 0.474609 0.054688 0.058594
2 0.182812 0.481445 0.090625 0.068359
2 0.287500 0.479492 0.021875 0.044922
2 0.366406 0.465820 0.020313 0.037109
2 0.384375 0.462891 0.021875 0.035156