0 0.148438 0.465820 0.018750 0.064453
0 0.175000 0.462891 0.021875 0.074219
0 0.723437 0.480469 0.028125 0.097656
0 0.703906 0.473633 0.023438 0.115234
0 0.678125 0.505859 0.053125 0.187500
2 0.500000 0.456055 0.046875 0.033203
2 0.442188 0.457031 0.040625 0.042969
2 0.374219 0.458984 0.048438 0.035156
2 0.076563 0.462891 0.109375 0.050781
0 0.285938 0.439453 0.015625 0.023438
0 0.268750 0.434570 0.015625 0.025391
0 0.260156 0.453125 0.020313 0.062500
0 0.244531 0.451172 0.020313 0.054688
0 0.625000 0.458008 0.012500 0.044922
0 0.616406 0.459961 0.014063 0.048828
1 0.677344 0.578125 0.035937 0.117188
1 0.954688 0.589844 0.075000 0.113281
2 0.038281 0.584961 0.076563 0.216797