0 0.934375 0.422852 0.025000 0.134766
0 0.906250 0.435547 0.037500 0.144531
0 0.879687 0.356445 0.015625 0.017578
0 0.877344 0.388672 0.017188 0.039062
0 0.860938 0.363281 0.018750 0.031250
0 0.846875 0.348633 0.012500 0.025391
0 0.840625 0.367188 0.012500 0.027344
0 0.833594 0.342773 0.014063 0.021484
0 0.850000 0.472656 0.046875 0.179688
0 0.825000 0.406250 0.021875 0.117188
0 0.810937 0.349609 0.009375 0.027344
0 0.807031 0.350586 0.010937 0.025391
0 0.796875 0.349609 0.009375 0.035156
0 0.784375 0.413086 0.021875 0.103516
0 0.757812 0.410156 0.025000 0.097656
0 0.728125 0.361328 0.015625 0.019531
0 0.732812 0.377930 0.012500 0.021484
0 0.729688 0.441406 0.021875 0.101562
0 0.712500 0.373047 0.012500 0.042969
0 0.699219 0.367188 0.010937 0.023438
0 0.659375 0.369141 0.015625 0.046875
0 0.646875 0.368164 0.012500 0.044922
0 0.625781 0.377930 0.020313 0.064453
0 0.606250 0.368164 0.012500 0.037109
0 0.626563 0.377930 0.018750 0.037109
0 0.593750 0.367188 0.015625 0.027344
0 0.578125 0.371094 0.018750 0.031250
0 0.560937 0.376953 0.018750 0.027344
2 0.550000 0.429688 0.090625 0.097656
2 0.521094 0.395508 0.057813 0.068359
2 0.472656 0.373047 0.026562 0.042969
2 0.439844 0.362305 0.048438 0.033203
2 0.432812 0.407227 0.065625 0.056641
2 0.487500 0.385742 0.025000 0.044922
2 0.392969 0.380859 0.020313 0.031250
2 0.379688 0.390625 0.025000 0.050781
2 0.353906 0.397461 0.045312 0.064453
0 0.277344 0.369141 0.017188 0.019531
2 0.298438 0.417969 0.100000 0.097656
2 0.228125 0.421875 0.043750 0.082031
0 0.196094 0.425781 0.029687 0.101562
0 0.092188 0.410156 0.021875 0.074219
0 0.057813 0.419922 0.018750 0.085938
0 0.964844 0.416992 0.039062 0.107422