0 0.963281 0.502930 0.023438 0.115234
0 0.939063 0.474609 0.021875 0.082031
0 0.885938 0.498047 0.025000 0.125000
0 0.857812 0.491211 0.028125 0.060547
1 0.850781 0.552734 0.035937 0.062500
0 0.742969 0.469727 0.020313 0.060547
0 0.728125 0.464844 0.012500 0.062500
0 0.696875 0.463867 0.018750 0.064453
0 0.678125 0.464844 0.018750 0.058594
0 0.658594 0.458984 0.010937 0.031250
0 0.646875 0.455078 0.012500 0.039062
0 0.601562 0.453125 0.018750 0.050781
2 0.460938 0.470703 0.062500 0.066406
2 0.182031 0.459961 0.073438 0.060547