0 0.751563 0.530273 0.040625 0.123047
0 0.721094 0.509766 0.023438 0.132812
0 0.703125 0.484375 0.018750 0.074219
2 0.520312 0.477539 0.034375 0.041016
2 0.478125 0.479492 0.025000 0.041016
0 0.448437 0.477539 0.012500 0.044922
2 0.357031 0.478516 0.032813 0.031250
2 0.317188 0.478516 0.046875 0.046875
2 0.258594 0.479492 0.073438 0.072266
2 0.214062 0.474609 0.028125 0.035156
2 0.124219 0.481445 0.067187 0.056641
0 0.079687 0.472656 0.018750 0.054688
2 0.039062 0.481445 0.078125 0.041016
2 0.170313 0.481445 0.025000 0.029297