2 0.808594 0.463867 0.060937 0.072266
2 0.923438 0.450195 0.146875 0.146484
2 0.952344 0.489258 0.092188 0.119141
0 0.762500 0.481445 0.037500 0.162109
0 0.737500 0.486328 0.034375 0.152344
0 0.719531 0.478516 0.029687 0.156250
0 0.685937 0.477539 0.040625 0.162109
0 0.335938 0.476562 0.018750 0.054688
0 0.312500 0.480469 0.012500 0.050781
0 0.110937 0.496094 0.031250 0.058594
0 0.653906 0.448242 0.026562 0.064453
0 0.634375 0.458984 0.025000 0.066406
0 0.612500 0.461914 0.028125 0.068359
0 0.600000 0.464844 0.021875 0.066406
0 0.323437 0.477539 0.009375 0.056641