0 0.974219 0.515625 0.039062 0.335938
2 0.935156 0.421875 0.085938 0.082031
2 0.932031 0.494141 0.057813 0.078125
0 0.874219 0.497070 0.067187 0.232422
0 0.803906 0.521484 0.073438 0.238281
0 0.639062 0.463867 0.025000 0.064453
0 0.617188 0.461914 0.031250 0.087891
0 0.589063 0.468750 0.028125 0.078125
0 0.059375 0.490234 0.025000 0.074219
0 0.039062 0.495117 0.031250 0.083984
2 0.726562 0.458008 0.037500 0.056641
0 0.550781 0.462891 0.020313 0.054688
0 0.148438 0.476562 0.018750 0.039062
0 0.129688 0.488281 0.018750 0.031250
0 0.375000 0.460938 0.012500 0.031250