2 0.172656 0.462891 0.070312 0.070312
2 0.236719 0.479492 0.079687 0.076172
2 0.398438 0.466797 0.056250 0.054688
2 0.577344 0.542969 0.295312 0.128906
2 0.571875 0.468750 0.162500 0.050781
0 0.742969 0.459961 0.029687 0.083984
0 0.689844 0.455078 0.029687 0.054688
0 0.106250 0.467773 0.028125 0.076172
0 0.082031 0.467773 0.029687 0.083984
0 0.593750 0.432617 0.021875 0.033203
0 0.567969 0.429688 0.020313 0.031250
0 0.543750 0.431641 0.021875 0.035156
2 0.371875 0.455078 0.028125 0.039062
2 0.357031 0.452148 0.023438 0.037109
2 0.340625 0.448242 0.021875 0.029297
2 0.265625 0.447266 0.040625 0.035156
0 0.575000 0.511719 0.034375 0.027344
2 0.971875 0.538086 0.053125 0.064453