1 0.226562 0.619141 0.168750 0.132812
2 0.611719 0.491211 0.079687 0.072266
2 0.200000 0.498047 0.093750 0.082031
2 0.571875 0.484375 0.025000 0.054688
2 0.557031 0.481445 0.032813 0.048828
2 0.318750 0.474609 0.040625 0.062500
2 0.341406 0.475586 0.020313 0.052734
2 0.444531 0.472656 0.032813 0.031250
0 0.260937 0.464844 0.081250 0.175781
2 0.542969 0.473633 0.029687 0.052734
2 0.518750 0.474609 0.025000 0.035156
2 0.507812 0.471680 0.018750 0.033203
2 0.482812 0.467773 0.034375 0.029297
0 0.422656 0.462891 0.007812 0.019531
2 0.356250 0.477539 0.018750 0.044922
2 0.376563 0.474609 0.021875 0.039062
2 0.392188 0.472656 0.015625 0.027344
2 0.403125 0.472656 0.012500 0.023438