0 0.071875 0.479492 0.037500 0.146484
0 0.335156 0.468750 0.023438 0.058594
2 0.733594 0.542969 0.126562 0.144531
2 0.856250 0.606445 0.284375 0.251953
2 0.685937 0.508789 0.109375 0.123047
2 0.621094 0.476562 0.057813 0.058594
0 0.410156 0.458984 0.014063 0.042969
0 0.420312 0.460938 0.012500 0.042969
0 0.429688 0.461914 0.012500 0.048828
0 0.387500 0.457031 0.015625 0.039062
0 0.374219 0.463867 0.020313 0.052734
0 0.310156 0.457031 0.026562 0.058594
0 0.578906 0.461914 0.017188 0.029297
1 0.011719 0.560547 0.023438 0.082031