0 0.862500 0.464844 0.031250 0.117188
0 0.821875 0.470703 0.031250 0.113281
0 0.755469 0.464844 0.023438 0.082031
0 0.771094 0.447266 0.010937 0.042969
0 0.681250 0.459961 0.021875 0.056641
0 0.664062 0.457031 0.015625 0.050781
0 0.653125 0.454102 0.018750 0.056641
0 0.639844 0.458008 0.010937 0.044922
0 0.625781 0.467773 0.020313 0.060547
0 0.602344 0.463867 0.020313 0.056641
0 0.536719 0.460938 0.017188 0.035156
2 0.408594 0.469727 0.070312 0.076172
2 0.366406 0.463867 0.023438 0.029297
2 0.342969 0.471680 0.023438 0.037109
2 0.312500 0.475586 0.050000 0.056641
0 0.151562 0.483398 0.018750 0.048828
0 0.160938 0.484375 0.012500 0.046875