2 0.100000 0.532227 0.200000 0.158203
2 0.198437 0.498047 0.128125 0.125000
2 0.294531 0.481445 0.098437 0.091797
2 0.372656 0.480469 0.048438 0.050781
2 0.391406 0.467773 0.042188 0.044922
2 0.767188 0.497070 0.090625 0.095703
2 0.934375 0.525391 0.125000 0.121094
2 0.900000 0.518555 0.137500 0.111328
2 0.955469 0.557617 0.079687 0.119141
0 0.715625 0.489258 0.018750 0.087891
0 0.675781 0.492188 0.023438 0.089844
2 0.514844 0.461914 0.026562 0.033203
2 0.414062 0.464844 0.025000 0.039062
0 0.435937 0.464844 0.021875 0.050781
0 0.463281 0.464844 0.020313 0.050781
0 0.538281 0.458984 0.010937 0.035156
0 0.528906 0.457031 0.014063 0.031250
2 0.654687 0.479492 0.025000 0.052734
2 0.620313 0.459961 0.028125 0.037109
0 0.834375 0.456055 0.018750 0.025391
0 0.855469 0.455078 0.020313 0.027344
0 0.873437 0.457031 0.015625 0.023438
2 0.821875 0.514648 0.090625 0.095703
2 0.946875 0.451172 0.100000 0.031250