1 0.032031 0.581055 0.057813 0.107422
1 0.108594 0.559570 0.054688 0.130859
0 0.033594 0.515625 0.060937 0.179688
0 0.117969 0.504883 0.070312 0.185547
2 0.171094 0.500977 0.057813 0.095703
2 0.212500 0.487305 0.081250 0.091797
2 0.282813 0.478516 0.065625 0.058594
2 0.314844 0.465820 0.054688 0.052734
2 0.633594 0.459961 0.076563 0.068359
2 0.732812 0.484375 0.084375 0.105469
2 0.650781 0.500000 0.032813 0.074219
0 0.905469 0.577148 0.076563 0.322266
0 0.494531 0.454102 0.014063 0.029297
0 0.478125 0.453125 0.012500 0.035156
0 0.407813 0.457031 0.015625 0.035156
0 0.375781 0.462891 0.023438 0.046875
2 0.349219 0.468750 0.023438 0.042969
2 0.442188 0.456055 0.025000 0.029297
2 0.582812 0.455078 0.031250 0.042969
2 0.602344 0.460938 0.029687 0.050781
2 0.956250 0.515625 0.084375 0.152344