0 0.392969 0.479492 0.023438 0.083984
0 0.416406 0.470703 0.026562 0.089844
0 0.629687 0.460938 0.028125 0.093750
2 0.830469 0.474609 0.023438 0.054688
2 0.806250 0.463867 0.056250 0.072266
2 0.925000 0.443359 0.146875 0.148438
2 0.950000 0.489258 0.093750 0.123047
0 0.168750 0.480469 0.021875 0.042969
0 0.125781 0.487305 0.020313 0.037109
0 0.476562 0.458008 0.018750 0.041016
0 0.614844 0.464844 0.020313 0.066406
0 0.600781 0.461914 0.026562 0.068359
0 0.675781 0.425781 0.020313 0.027344
2 0.651563 0.447266 0.018750 0.023438
2 0.729688 0.458984 0.034375 0.062500