0 0.882031 0.561523 0.045312 0.185547
2 0.807031 0.503906 0.110937 0.109375
2 0.739844 0.474609 0.110937 0.074219
2 0.493750 0.430664 0.031250 0.033203
2 0.357031 0.462891 0.051562 0.058594
2 0.293750 0.450195 0.075000 0.037109
2 0.294531 0.497070 0.045312 0.076172
2 0.231250 0.500977 0.103125 0.123047
2 0.188281 0.542969 0.132812 0.128906
2 0.079687 0.581055 0.156250 0.189453
2 0.609375 0.453125 0.031250 0.050781
2 0.386719 0.449219 0.035937 0.039062
2 0.420312 0.426758 0.028125 0.029297
2 0.091406 0.460938 0.107813 0.078125