0 0.960156 0.434570 0.042188 0.064453
2 0.917188 0.601562 0.162500 0.328125
0 0.667188 0.471680 0.025000 0.052734
0 0.640625 0.498047 0.025000 0.089844
2 0.779687 0.534180 0.265625 0.205078
2 0.630469 0.500977 0.117188 0.111328
2 0.594531 0.482422 0.082812 0.089844
2 0.553906 0.477539 0.045312 0.072266
2 0.503125 0.464844 0.037500 0.054688
2 0.468750 0.473633 0.043750 0.056641
2 0.429688 0.473633 0.025000 0.029297
2 0.391406 0.472656 0.057813 0.066406
2 0.355469 0.481445 0.020313 0.037109
2 0.333594 0.480469 0.026562 0.046875
2 0.300000 0.474609 0.043750 0.074219
2 0.245312 0.492188 0.096875 0.101562
2 0.059375 0.541016 0.118750 0.160156