2 0.967969 0.441406 0.026562 0.054688
2 0.897656 0.440430 0.095312 0.060547
0 0.858594 0.413086 0.020313 0.041016
0 0.789062 0.486328 0.015625 0.128906
0 0.639844 0.468750 0.032813 0.109375
2 0.691406 0.456055 0.045312 0.060547
2 0.693750 0.412109 0.053125 0.027344
2 0.553906 0.449219 0.029687 0.042969
2 0.507031 0.449219 0.023438 0.035156
2 0.342187 0.450195 0.028125 0.033203
2 0.325781 0.449219 0.023438 0.031250
2 0.300000 0.449219 0.025000 0.031250
2 0.267969 0.425781 0.032813 0.023438
2 0.271094 0.452148 0.026562 0.029297
2 0.252344 0.452148 0.020313 0.029297
2 0.218750 0.460938 0.056250 0.062500
2 0.185156 0.443359 0.020313 0.027344
2 0.106250 0.475586 0.159375 0.154297
2 0.018750 0.463867 0.018750 0.072266