0 0.685156 0.484375 0.035937 0.144531
0 0.347656 0.459961 0.042188 0.130859
0 0.220312 0.449219 0.028125 0.109375
0 0.178125 0.451172 0.037500 0.093750
0 0.129688 0.461914 0.040625 0.103516
2 0.087500 0.462891 0.071875 0.089844
2 0.455469 0.446289 0.070312 0.091797
2 0.474219 0.465820 0.082812 0.095703
2 0.021875 0.433594 0.043750 0.062500
2 0.240625 0.417969 0.025000 0.046875
1 0.125000 0.503906 0.021875 0.050781
1 0.181250 0.478516 0.018750 0.066406
1 0.216406 0.482422 0.026562 0.066406
1 0.343750 0.498047 0.040625 0.089844