2 0.893750 0.487305 0.175000 0.099609
2 0.982031 0.473633 0.032813 0.060547
2 0.797656 0.482422 0.120313 0.066406
2 0.723437 0.470703 0.078125 0.058594
2 0.689844 0.464844 0.045312 0.050781
0 0.582812 0.473633 0.015625 0.041016
0 0.575000 0.470703 0.018750 0.042969
0 0.562500 0.474609 0.018750 0.042969
2 0.478125 0.455078 0.021875 0.027344
2 0.436719 0.445312 0.020313 0.023438
2 0.422656 0.462891 0.035937 0.035156
2 0.401562 0.449219 0.021875 0.023438
2 0.363281 0.463867 0.023438 0.033203
2 0.343750 0.467773 0.025000 0.037109
2 0.327344 0.468750 0.020313 0.039062
2 0.306250 0.464844 0.021875 0.046875
2 0.267188 0.466797 0.053125 0.054688
2 0.164844 0.472656 0.079687 0.093750
2 0.100781 0.487305 0.107813 0.091797
2 0.025000 0.494141 0.050000 0.109375
2 0.221875 0.464844 0.034375 0.046875