2 0.065625 0.539062 0.131250 0.246094
2 0.164062 0.521484 0.112500 0.152344
2 0.276562 0.494141 0.118750 0.105469
2 0.338281 0.488281 0.051562 0.066406
2 0.385937 0.471680 0.065625 0.064453
2 0.635938 0.498047 0.090625 0.085938
2 0.882031 0.713867 0.232813 0.412109
2 0.518750 0.458008 0.040625 0.033203
0 0.553906 0.469727 0.020313 0.068359
0 0.464844 0.460938 0.014063 0.039062
2 0.598437 0.474609 0.050000 0.054688
2 0.414844 0.466797 0.023438 0.042969
2 0.435937 0.463867 0.028125 0.033203
2 0.742969 0.493164 0.045312 0.064453
0 0.481250 0.459961 0.018750 0.041016
2 0.931250 0.488281 0.084375 0.062500