2 0.529687 0.503906 0.103125 0.113281
2 0.410156 0.500000 0.023438 0.027344
2 0.273438 0.492188 0.084375 0.074219
0 0.173437 0.496094 0.015625 0.050781
0 0.163281 0.497070 0.010937 0.044922
0 0.147656 0.499023 0.014063 0.052734
0 0.133594 0.502930 0.014063 0.052734
0 0.117969 0.498047 0.014063 0.066406
0 0.101562 0.498047 0.015625 0.062500
0 0.086719 0.500977 0.014063 0.068359
0 0.070312 0.501953 0.015625 0.070312
0 0.057031 0.503906 0.014063 0.062500
0 0.041406 0.505859 0.020313 0.074219
0 0.018750 0.505859 0.021875 0.078125