2 0.106250 0.566406 0.206250 0.164062
2 0.062500 0.642578 0.125000 0.238281
2 0.297656 0.517578 0.107813 0.109375
2 0.346875 0.495117 0.056250 0.072266
2 0.393750 0.478516 0.062500 0.070312
2 0.475000 0.457031 0.046875 0.046875
2 0.622656 0.482422 0.035937 0.058594
2 0.647656 0.490234 0.035937 0.074219
2 0.714063 0.523438 0.137500 0.152344
2 0.955469 0.652344 0.085938 0.343750
0 0.880469 0.671875 0.104688 0.394531
0 0.232813 0.595703 0.087500 0.234375
1 0.236719 0.701172 0.082812 0.144531
2 0.416406 0.462891 0.032813 0.054688
2 0.432031 0.459961 0.026562 0.052734
2 0.507031 0.441406 0.020313 0.023438
2 0.517188 0.436523 0.025000 0.029297
2 0.589844 0.445312 0.029687 0.031250
0 0.533594 0.458008 0.020313 0.041016