0 0.839063 0.470703 0.031250 0.089844
2 0.971875 0.530273 0.053125 0.169922
2 0.746875 0.490234 0.062500 0.101562
2 0.396875 0.431641 0.025000 0.031250
2 0.375000 0.430664 0.031250 0.037109
2 0.346875 0.446289 0.053125 0.060547
0 0.908594 0.505859 0.085938 0.269531
1 0.913281 0.585938 0.073438 0.160156
1 0.791406 0.556641 0.067187 0.089844
0 0.697656 0.468750 0.051562 0.132812
1 0.694531 0.529297 0.023438 0.078125
0 0.657813 0.471680 0.028125 0.091797
1 0.657813 0.503906 0.018750 0.046875
0 0.615625 0.463867 0.031250 0.083984
1 0.614844 0.492188 0.020313 0.046875