2 0.080469 0.603516 0.160938 0.171875
2 0.181250 0.544922 0.118750 0.121094
2 0.257031 0.516602 0.104688 0.103516
2 0.309375 0.486328 0.071875 0.078125
2 0.380469 0.458984 0.042188 0.039062
2 0.642969 0.529297 0.123438 0.117188
2 0.574219 0.475586 0.064062 0.068359
2 0.614062 0.493164 0.084375 0.087891
2 0.365625 0.465820 0.034375 0.041016
2 0.428125 0.447266 0.025000 0.023438
2 0.474219 0.437500 0.020313 0.023438
2 0.541406 0.464844 0.023438 0.046875
2 0.514062 0.443359 0.021875 0.035156
2 0.525781 0.450195 0.023438 0.033203
0 0.454688 0.443359 0.015625 0.035156
0 0.489844 0.440430 0.017188 0.029297
2 0.746094 0.470703 0.057813 0.062500
2 0.965625 0.463867 0.065625 0.107422