0 0.426563 0.466797 0.021875 0.074219
0 0.637500 0.464844 0.021875 0.085938
0 0.617969 0.461914 0.026562 0.095703
0 0.726562 0.472656 0.034375 0.136719
0 0.147656 0.486328 0.020313 0.078125
2 0.810156 0.451172 0.057813 0.097656
2 0.926562 0.449219 0.143750 0.144531
2 0.951562 0.490234 0.093750 0.121094
0 0.551562 0.459961 0.018750 0.052734
0 0.471875 0.458008 0.018750 0.041016
0 0.168750 0.477539 0.018750 0.037109
0 0.132812 0.480469 0.015625 0.023438
0 0.114062 0.478516 0.021875 0.031250
2 0.453125 0.460938 0.028125 0.027344