2 0.820312 0.538086 0.334375 0.259766
2 0.448437 0.465820 0.059375 0.056641
2 0.469531 0.456055 0.054688 0.068359
2 0.387500 0.458984 0.021875 0.062500
0 0.357031 0.474609 0.042188 0.164062
1 0.585156 0.477539 0.017188 0.037109
1 0.548438 0.474609 0.018750 0.039062
0 0.960156 0.438477 0.035937 0.083984
0 0.677344 0.456055 0.017188 0.048828
0 0.259375 0.458008 0.018750 0.068359
0 0.250000 0.452148 0.015625 0.072266
2 0.505469 0.446289 0.035937 0.044922
0 0.413281 0.458008 0.023438 0.107422
0 0.583594 0.439453 0.020313 0.042969
0 0.546875 0.436523 0.025000 0.041016
0 0.221875 0.427734 0.018750 0.035156