2 0.054688 0.492188 0.109375 0.132812
2 0.126562 0.482422 0.112500 0.078125
2 0.187500 0.462891 0.162500 0.093750
2 0.274219 0.458008 0.070312 0.060547
2 0.571094 0.469727 0.073438 0.056641
2 0.653125 0.471680 0.103125 0.083984
2 0.650781 0.499023 0.045312 0.056641
2 0.832812 0.491211 0.331250 0.216797
2 0.890625 0.513672 0.212500 0.238281
0 0.331250 0.456055 0.012500 0.044922
0 0.359375 0.457031 0.015625 0.050781
2 0.572656 0.481445 0.057813 0.044922
2 0.536719 0.462891 0.014063 0.019531
2 0.277344 0.468750 0.054688 0.054688