2 0.977344 0.441406 0.042188 0.097656
2 0.949219 0.457031 0.020313 0.042969
2 0.917188 0.454102 0.046875 0.052734
0 0.874219 0.456055 0.023438 0.091797
2 0.844531 0.456055 0.032813 0.052734
2 0.788281 0.447266 0.067187 0.062500
0 0.693750 0.443359 0.018750 0.058594
0 0.668750 0.454102 0.018750 0.056641
0 0.653125 0.429688 0.018750 0.042969
0 0.640625 0.431641 0.018750 0.035156
0 0.623437 0.427734 0.018750 0.046875
0 0.609375 0.431641 0.012500 0.042969
0 0.596094 0.436523 0.010937 0.025391
0 0.581250 0.430664 0.018750 0.037109
0 0.560937 0.436523 0.018750 0.041016
2 0.504687 0.448242 0.031250 0.025391
0 0.369531 0.453125 0.014063 0.023438
0 0.360156 0.451172 0.010937 0.027344
0 0.347656 0.449219 0.007812 0.027344
0 0.341406 0.449219 0.007812 0.027344
0 0.332813 0.444336 0.009375 0.025391
2 0.267188 0.506836 0.156250 0.138672