2 0.988281 0.418945 0.020313 0.072266
0 0.912500 0.470703 0.065625 0.230469
2 0.809375 0.450195 0.087500 0.087891
2 0.810937 0.388672 0.090625 0.039062
0 0.637500 0.482422 0.040625 0.164062
2 0.592969 0.443359 0.042188 0.066406
2 0.532813 0.447266 0.034375 0.058594
2 0.321875 0.447266 0.037500 0.042969
2 0.281250 0.446289 0.028125 0.033203
2 0.245312 0.448242 0.028125 0.033203
2 0.227344 0.451172 0.026562 0.031250
2 0.186719 0.458984 0.060937 0.062500
2 0.079687 0.466797 0.128125 0.128906
0 0.394531 0.435547 0.010937 0.042969