0 0.949219 0.445312 0.029687 0.167969
0 0.920312 0.431641 0.031250 0.152344
0 0.872656 0.422852 0.029687 0.134766
0 0.850781 0.422852 0.023438 0.115234
0 0.825781 0.368164 0.014063 0.041016
0 0.817969 0.357422 0.010937 0.027344
0 0.809375 0.422852 0.028125 0.115234
0 0.779687 0.417969 0.021875 0.105469
0 0.758594 0.457031 0.026562 0.113281
0 0.739062 0.434570 0.018750 0.087891
0 0.751563 0.384766 0.012500 0.023438
0 0.739844 0.378906 0.017188 0.023438
0 0.663281 0.378906 0.020313 0.050781
0 0.696094 0.414062 0.023438 0.097656
0 0.648438 0.378906 0.018750 0.054688
0 0.621875 0.390625 0.018750 0.054688
0 0.609375 0.392578 0.018750 0.054688
0 0.583594 0.378906 0.020313 0.035156
0 0.598437 0.386719 0.018750 0.054688
2 0.552344 0.436523 0.089063 0.091797
2 0.522656 0.401367 0.060937 0.064453
2 0.470313 0.377930 0.021875 0.033203
2 0.439844 0.368164 0.042188 0.029297
2 0.435156 0.410156 0.060937 0.058594
2 0.492969 0.392578 0.029687 0.046875
2 0.398438 0.378906 0.018750 0.035156
2 0.385937 0.390625 0.021875 0.039062
2 0.375781 0.394531 0.026562 0.054688
2 0.353906 0.405273 0.045312 0.072266
2 0.292969 0.419922 0.101562 0.097656
2 0.250000 0.402344 0.015625 0.019531
2 0.236719 0.422852 0.017188 0.076172
0 0.212500 0.426758 0.031250 0.099609
2 0.185938 0.429688 0.028125 0.085938
0 0.071875 0.418945 0.028125 0.083984
0 0.039844 0.420898 0.020313 0.083984
0 0.980469 0.388672 0.035937 0.042969
0 0.979688 0.513672 0.037500 0.210938