2 0.128906 0.491211 0.120313 0.087891
2 0.247656 0.478516 0.064062 0.054688
2 0.287500 0.475586 0.031250 0.044922
2 0.311719 0.474609 0.020313 0.039062
2 0.332031 0.470703 0.023438 0.035156
0 0.496875 0.462891 0.018750 0.050781
0 0.464844 0.461914 0.014063 0.037109
0 0.359375 0.468750 0.015625 0.050781
1 0.900000 0.546875 0.140625 0.226562
1 0.975781 0.541016 0.045312 0.171875
1 0.654687 0.506836 0.043750 0.103516
1 0.698438 0.507812 0.053125 0.101562
1 0.727344 0.507812 0.039062 0.097656
0 0.050000 0.466797 0.021875 0.058594
2 0.347656 0.466797 0.010937 0.031250