2 0.125000 0.471680 0.131250 0.087891
2 0.046094 0.450195 0.085938 0.091797
2 0.235156 0.502930 0.157812 0.115234
2 0.311719 0.482422 0.073438 0.085938
2 0.364063 0.482422 0.059375 0.085938
2 0.412500 0.468750 0.056250 0.058594
2 0.527344 0.551758 0.201563 0.189453
2 0.645312 0.494141 0.053125 0.082031
2 0.699219 0.510742 0.104688 0.134766
2 0.818750 0.550781 0.268750 0.253906
2 0.635938 0.478516 0.056250 0.082031
2 0.464062 0.455078 0.034375 0.039062
2 0.450000 0.464844 0.034375 0.046875
2 0.703125 0.532227 0.087500 0.130859
2 0.035156 0.564453 0.070312 0.156250