0 0.292969 0.500977 0.026562 0.115234
0 0.435937 0.493164 0.040625 0.123047
0 0.485938 0.484375 0.034375 0.097656
0 0.859375 0.467773 0.025000 0.056641
0 0.944531 0.497070 0.048438 0.107422
2 0.542969 0.496094 0.092188 0.074219
2 0.635938 0.490234 0.096875 0.062500
2 0.756250 0.480469 0.112500 0.074219
2 0.823438 0.478516 0.034375 0.046875
0 0.670312 0.461914 0.021875 0.037109
0 0.653906 0.453125 0.020313 0.023438
0 0.603125 0.457031 0.021875 0.031250
0 0.560937 0.454102 0.018750 0.025391
0 0.878906 0.470703 0.023438 0.062500
0 0.904687 0.471680 0.018750 0.056641
0 0.978906 0.471680 0.023438 0.060547
0 0.632812 0.453125 0.018750 0.023438
1 0.479687 0.524414 0.031250 0.052734