0 0.163281 0.481445 0.029687 0.076172
0 0.150000 0.502930 0.025000 0.107422
0 0.121875 0.498047 0.031250 0.101562
0 0.064844 0.545898 0.092188 0.185547
0 0.953125 0.529297 0.046875 0.136719
2 0.415625 0.471680 0.053125 0.068359
2 0.348438 0.460938 0.056250 0.050781
2 0.504687 0.455078 0.031250 0.031250
2 0.646094 0.496094 0.051562 0.074219
2 0.677344 0.512695 0.085938 0.087891
2 0.807813 0.579102 0.181250 0.166016
2 0.618750 0.487305 0.034375 0.052734
2 0.603125 0.480469 0.025000 0.042969
2 0.588281 0.477539 0.029687 0.033203