2 0.335156 0.492188 0.054688 0.078125
2 0.385156 0.488281 0.060937 0.058594
2 0.432812 0.480469 0.034375 0.042969
2 0.658594 0.500977 0.082812 0.130859
2 0.778906 0.537109 0.229687 0.226562
2 0.923438 0.746094 0.143750 0.316406
2 0.610938 0.495117 0.043750 0.064453
0 0.521875 0.483398 0.018750 0.052734
0 0.558594 0.485352 0.017188 0.052734
2 0.266406 0.507812 0.123438 0.105469
0 0.485938 0.473633 0.009375 0.025391
0 0.475781 0.478516 0.010937 0.039062
0 0.464844 0.478516 0.010937 0.042969
0 0.460156 0.481445 0.010937 0.041016
0 0.572656 0.487305 0.014063 0.060547
2 0.585938 0.496094 0.025000 0.046875
2 0.934375 0.501953 0.090625 0.078125
2 0.029687 0.493164 0.031250 0.064453