0 0.937500 0.585938 0.121875 0.363281
2 0.873437 0.432617 0.046875 0.166016
2 0.770312 0.476562 0.050000 0.121094
0 0.725781 0.457031 0.029687 0.125000
0 0.585156 0.472656 0.032813 0.121094
0 0.543750 0.485352 0.028125 0.095703
0 0.510938 0.496094 0.025000 0.085938
0 0.506250 0.440430 0.015625 0.025391
2 0.448437 0.462891 0.031250 0.031250
2 0.421875 0.447266 0.012500 0.015625
2 0.398438 0.455078 0.012500 0.019531
2 0.372656 0.457031 0.010937 0.019531
2 0.360156 0.458984 0.010937 0.019531
2 0.347656 0.461914 0.020313 0.029297
2 0.328125 0.463867 0.021875 0.029297
2 0.310156 0.470703 0.020313 0.035156
2 0.282813 0.462891 0.034375 0.050781
2 0.228125 0.486328 0.100000 0.093750
0 0.826562 0.533203 0.096875 0.312500