0 0.925781 0.486328 0.023438 0.117188
0 0.798438 0.470703 0.028125 0.062500
0 0.435937 0.454102 0.025000 0.044922
0 0.089063 0.458984 0.028125 0.093750
0 0.067969 0.458008 0.029687 0.095703
2 0.611719 0.475586 0.042188 0.041016
2 0.517969 0.455078 0.035937 0.035156
2 0.165625 0.476562 0.071875 0.062500
0 0.310937 0.457031 0.021875 0.062500
0 0.223438 0.452148 0.021875 0.056641
0 0.701562 0.465820 0.018750 0.056641
2 0.587500 0.465820 0.021875 0.037109
2 0.578906 0.458984 0.023438 0.035156
2 0.563281 0.455078 0.020313 0.023438
1 0.022656 0.505859 0.045312 0.066406
0 0.950000 0.487305 0.031250 0.044922