2 0.911719 0.567383 0.173437 0.224609
2 0.671094 0.490234 0.132812 0.117188
2 0.585156 0.477539 0.057813 0.076172
2 0.548438 0.482422 0.021875 0.042969
2 0.528125 0.477539 0.021875 0.037109
2 0.514062 0.474609 0.018750 0.031250
2 0.487500 0.471680 0.025000 0.025391
2 0.467969 0.469727 0.020313 0.021484
2 0.433594 0.468750 0.023438 0.023438
2 0.394531 0.472656 0.032813 0.027344
2 0.366406 0.476562 0.023438 0.039062
2 0.332031 0.482422 0.051562 0.054688
2 0.231250 0.494141 0.093750 0.105469
2 0.139063 0.519531 0.171875 0.144531
2 0.046094 0.518555 0.092188 0.248047