0 0.971875 0.494141 0.037500 0.121094
0 0.935937 0.496094 0.037500 0.125000
2 0.752344 0.495117 0.104688 0.083984
2 0.642969 0.480469 0.054688 0.050781
2 0.553125 0.470703 0.056250 0.035156
2 0.511719 0.467773 0.029687 0.041016
2 0.429688 0.475586 0.062500 0.064453
2 0.379688 0.470703 0.025000 0.027344
2 0.235156 0.475586 0.035937 0.041016
0 0.209375 0.475586 0.021875 0.044922
0 0.173437 0.477539 0.018750 0.044922
0 0.157031 0.472656 0.020313 0.050781
0 0.135937 0.474609 0.021875 0.054688
0 0.104688 0.478516 0.018750 0.046875
2 0.070312 0.456055 0.028125 0.025391
2 0.073438 0.486328 0.028125 0.035156
0 0.043750 0.480469 0.018750 0.050781
0 0.010937 0.478516 0.018750 0.042969