0 0.846875 0.585938 0.059375 0.179688
0 0.878125 0.523438 0.050000 0.156250
0 0.561719 0.483398 0.026562 0.083984
1 0.848437 0.635742 0.037500 0.126953
1 0.562500 0.521484 0.018750 0.050781
2 0.317969 0.501953 0.067187 0.070312
2 0.268750 0.518555 0.056250 0.083984
2 0.492188 0.447266 0.028125 0.031250
2 0.372656 0.475586 0.051562 0.052734
2 0.744531 0.463867 0.073438 0.072266
2 0.794531 0.496094 0.095312 0.097656
2 0.967969 0.520508 0.057813 0.099609
2 0.601562 0.482422 0.056250 0.066406
2 0.415625 0.461914 0.021875 0.033203
2 0.060156 0.608398 0.120313 0.232422
2 0.197656 0.544922 0.160938 0.132812