2 0.124219 0.703125 0.248438 0.429688
2 0.228906 0.535156 0.082812 0.085938
2 0.264062 0.513672 0.084375 0.078125
2 0.371094 0.483398 0.054688 0.056641
2 0.402344 0.468750 0.029687 0.039062
0 0.335156 0.496094 0.029687 0.085938
2 0.859375 0.736328 0.271875 0.351562
2 0.718750 0.590820 0.193750 0.181641
2 0.663281 0.531250 0.117188 0.125000
2 0.640625 0.505859 0.100000 0.121094
0 0.506250 0.467773 0.025000 0.056641
0 0.307812 0.505859 0.040625 0.066406
1 0.333594 0.525391 0.020313 0.062500
2 0.418750 0.462891 0.028125 0.035156
0 0.434375 0.454102 0.018750 0.037109
2 0.511719 0.456055 0.042188 0.041016
2 0.767188 0.449219 0.096875 0.039062
2 0.704688 0.448242 0.040625 0.037109
2 0.574219 0.463867 0.051562 0.068359
2 0.590625 0.487305 0.037500 0.064453