0 0.557031 0.468750 0.020313 0.054688
0 0.540625 0.472656 0.021875 0.054688
0 0.261719 0.460938 0.026562 0.078125
0 0.227344 0.464844 0.026562 0.093750
0 0.203906 0.464844 0.023438 0.093750
0 0.164844 0.462891 0.032813 0.093750
0 0.135156 0.463867 0.029687 0.095703
0 0.125000 0.418945 0.031250 0.037109
2 0.637500 0.509766 0.059375 0.101562
2 0.716406 0.529297 0.167187 0.164062
0 0.421875 0.467773 0.018750 0.052734
0 0.499219 0.459961 0.017188 0.037109
0 0.522656 0.459961 0.014063 0.037109
0 0.513281 0.461914 0.014063 0.041016
0 0.434375 0.452148 0.018750 0.037109
0 0.339062 0.452148 0.018750 0.044922
1 0.355469 0.485352 0.023438 0.029297
0 0.895312 0.468750 0.021875 0.042969