2 0.878906 0.427734 0.073438 0.085938
2 0.133594 0.418945 0.148438 0.091797
1 0.146094 0.498047 0.032813 0.042969
1 0.178906 0.499023 0.032813 0.041016
0 0.107813 0.444336 0.037500 0.095703
0 0.148438 0.443359 0.037500 0.089844
0 0.184375 0.445312 0.034375 0.097656
0 0.285938 0.439453 0.031250 0.097656
0 0.239844 0.442383 0.029687 0.064453
0 0.399219 0.434570 0.023438 0.083984
0 0.360938 0.436523 0.028125 0.099609
0 0.448437 0.444336 0.034375 0.072266
0 0.485156 0.437500 0.032813 0.070312
0 0.523438 0.425781 0.028125 0.085938
1 0.031250 0.497070 0.046875 0.060547
0 0.025000 0.446289 0.050000 0.099609
1 0.260937 0.483398 0.025000 0.044922
1 0.335938 0.471680 0.021875 0.044922
1 0.359375 0.467773 0.021875 0.044922
1 0.416406 0.459961 0.023438 0.041016
1 0.097656 0.500977 0.029687 0.056641