0 0.628906 0.461914 0.029687 0.072266
0 0.586719 0.464844 0.020313 0.066406
0 0.603125 0.465820 0.021875 0.083984
0 0.682813 0.503906 0.071875 0.222656
0 0.719531 0.474609 0.029687 0.136719
0 0.757812 0.499023 0.065625 0.224609
2 0.851562 0.445312 0.106250 0.121094
2 0.942187 0.405273 0.034375 0.052734
2 0.871094 0.487305 0.076563 0.095703
2 0.964063 0.465820 0.068750 0.134766
2 0.496875 0.499023 0.109375 0.107422
2 0.388281 0.461914 0.042188 0.025391
0 0.348438 0.460938 0.018750 0.027344
0 0.285938 0.466797 0.015625 0.027344
0 0.137500 0.486328 0.021875 0.031250
2 0.445312 0.460938 0.037500 0.031250