0 0.912500 0.474609 0.028125 0.097656
0 0.892188 0.473633 0.031250 0.091797
0 0.725000 0.471680 0.021875 0.083984
0 0.641406 0.486328 0.032813 0.097656
0 0.391406 0.455078 0.020313 0.058594
0 0.127344 0.468750 0.029687 0.078125
2 0.222656 0.490234 0.198437 0.089844
2 0.437500 0.455078 0.028125 0.035156
2 0.539062 0.473633 0.050000 0.052734
1 0.639844 0.511719 0.085938 0.062500
0 0.090625 0.460938 0.018750 0.070312
0 0.339844 0.455078 0.020313 0.035156
2 0.483594 0.455078 0.020313 0.023438
2 0.502344 0.456055 0.029687 0.044922
2 0.509375 0.464844 0.025000 0.039062