0 0.975000 0.551758 0.046875 0.193359
0 0.752344 0.511719 0.042188 0.195312
0 0.713281 0.520508 0.076563 0.193359
0 0.557813 0.500000 0.059375 0.175781
0 0.512500 0.489258 0.050000 0.181641
0 0.467969 0.482422 0.032813 0.148438
0 0.419531 0.503906 0.054688 0.164062
0 0.399219 0.426758 0.032813 0.091797
0 0.375000 0.477539 0.043750 0.158203
0 0.299219 0.472656 0.042188 0.132812
0 0.282813 0.450195 0.050000 0.134766
0 0.259375 0.416016 0.018750 0.074219
0 0.241406 0.424805 0.023438 0.068359
2 0.188281 0.434570 0.079687 0.068359
2 0.613281 0.467773 0.070312 0.080078
0 0.433594 0.448242 0.023438 0.060547
2 0.677344 0.445312 0.054688 0.042969
1 0.242188 0.435547 0.018750 0.042969
2 0.850781 0.428711 0.082812 0.029297
2 0.907813 0.441406 0.084375 0.027344