2 0.726562 0.484375 0.162500 0.105469
2 0.916406 0.470703 0.045312 0.066406
2 0.556250 0.485352 0.106250 0.080078
2 0.458594 0.487305 0.098437 0.083984
0 0.214844 0.462891 0.010937 0.070312
0 0.231250 0.442383 0.015625 0.025391
1 0.303125 0.496094 0.018750 0.042969
0 0.690625 0.444336 0.021875 0.029297
2 0.853906 0.481445 0.070312 0.095703
0 0.324219 0.460938 0.017188 0.050781
0 0.307031 0.459961 0.014063 0.037109
0 0.273438 0.455078 0.012500 0.031250
0 0.176563 0.468750 0.021875 0.078125
1 0.151562 0.487305 0.018750 0.033203
1 0.138281 0.482422 0.020313 0.046875
1 0.117969 0.482422 0.023438 0.058594
1 0.090625 0.496094 0.034375 0.113281
1 0.050000 0.490234 0.018750 0.062500
1 0.027344 0.516602 0.032813 0.103516
1 0.008594 0.500000 0.017188 0.070312