2 0.075000 0.597656 0.150000 0.296875
2 0.181250 0.558594 0.118750 0.128906
2 0.253906 0.528320 0.092188 0.095703
2 0.311719 0.504883 0.067187 0.072266
0 0.366406 0.497070 0.026562 0.083984
2 0.335156 0.464844 0.057813 0.035156
2 0.610938 0.482422 0.075000 0.066406
2 0.617188 0.500000 0.046875 0.070312
2 0.656250 0.517578 0.096875 0.093750
2 0.742188 0.578125 0.175000 0.175781
2 0.375000 0.483398 0.034375 0.056641
2 0.392969 0.469727 0.032813 0.052734
2 0.427344 0.457031 0.029687 0.035156
2 0.440625 0.451172 0.028125 0.035156
2 0.575781 0.469727 0.032813 0.056641
0 0.531250 0.446289 0.018750 0.037109
0 0.517188 0.448242 0.018750 0.029297