0 0.557813 0.462891 0.018750 0.042969
0 0.396875 0.473633 0.025000 0.087891
2 0.292969 0.500000 0.120313 0.093750
2 0.128125 0.537109 0.209375 0.152344
2 0.725000 0.524414 0.153125 0.158203
2 0.805469 0.576172 0.220312 0.195312
2 0.346094 0.485352 0.067187 0.076172
2 0.902344 0.694336 0.185938 0.373047
2 0.654687 0.512695 0.050000 0.083984
2 0.650000 0.503906 0.075000 0.085938
2 0.601562 0.486328 0.043750 0.062500
2 0.413281 0.471680 0.026562 0.060547
2 0.442188 0.464844 0.031250 0.039062
2 0.459375 0.462891 0.018750 0.031250
2 0.485156 0.458008 0.023438 0.025391