2 0.350781 0.507812 0.095312 0.078125
2 0.317969 0.479492 0.045312 0.044922
2 0.256250 0.473633 0.046875 0.052734
2 0.896094 0.496094 0.157812 0.054688
0 0.687500 0.462891 0.021875 0.062500
0 0.667969 0.460938 0.026562 0.062500
0 0.644531 0.473633 0.029687 0.068359
0 0.208594 0.482422 0.020313 0.058594
0 0.190625 0.480469 0.025000 0.066406
2 0.434375 0.475586 0.043750 0.037109
2 0.411719 0.463867 0.029687 0.037109
2 0.390625 0.461914 0.021875 0.033203
1 0.944531 0.558594 0.076563 0.082031
2 0.962500 0.471680 0.040625 0.033203
0 0.588281 0.445312 0.020313 0.031250