0 0.817187 0.505859 0.046875 0.093750
0 0.674219 0.498047 0.035937 0.101562
0 0.283594 0.449219 0.023438 0.062500
0 0.215625 0.454102 0.018750 0.056641
0 0.200781 0.455078 0.020313 0.058594
0 0.240625 0.449219 0.018750 0.062500
2 0.418750 0.485352 0.078125 0.083984
2 0.402344 0.467773 0.073438 0.076172
2 0.163281 0.460938 0.051562 0.054688
2 0.119531 0.486328 0.076563 0.066406
2 0.363281 0.456055 0.029687 0.041016
2 0.078125 0.457031 0.031250 0.054688
2 0.051562 0.455078 0.018750 0.054688
2 0.026562 0.461914 0.050000 0.064453