2 0.080469 0.532227 0.160938 0.283203
2 0.280469 0.467773 0.098437 0.091797
2 0.340625 0.462891 0.037500 0.046875
2 0.900000 0.519531 0.084375 0.148438
2 0.792188 0.511719 0.075000 0.144531
2 0.692969 0.495117 0.067187 0.115234
0 0.848437 0.511719 0.056250 0.210938
0 0.746875 0.486328 0.050000 0.171875
0 0.604688 0.476562 0.018750 0.062500
0 0.630469 0.480469 0.029687 0.093750
0 0.659375 0.487305 0.034375 0.107422
1 0.851562 0.584961 0.053125 0.103516
1 0.746875 0.550781 0.040625 0.085938
1 0.653906 0.527344 0.023438 0.066406
1 0.632031 0.519531 0.026562 0.054688
1 0.603906 0.509766 0.023438 0.042969
1 0.573438 0.503906 0.021875 0.039062
0 0.571094 0.472656 0.026562 0.062500
0 0.540625 0.469727 0.021875 0.072266
1 0.539844 0.496094 0.020313 0.042969