2 0.888281 0.668945 0.217188 0.263672
2 0.775000 0.579102 0.159375 0.158203
2 0.700781 0.515625 0.142187 0.144531
2 0.636719 0.491211 0.073438 0.087891
2 0.547656 0.479492 0.076563 0.103516
2 0.387500 0.485352 0.062500 0.076172
0 0.470313 0.480469 0.018750 0.070312
0 0.337500 0.514648 0.034375 0.095703
2 0.307031 0.514648 0.048438 0.083984
2 0.215625 0.558594 0.165625 0.144531
2 0.051562 0.641602 0.103125 0.201172
2 0.980469 0.483398 0.032813 0.068359
2 0.785156 0.470703 0.051562 0.058594
2 0.854688 0.463867 0.062500 0.072266
2 0.868750 0.482422 0.031250 0.054688
2 0.460156 0.456055 0.026562 0.029297
2 0.484375 0.450195 0.021875 0.037109
2 0.506250 0.455078 0.028125 0.035156
2 0.071094 0.480469 0.079687 0.050781
2 0.038281 0.482422 0.076563 0.058594
2 0.408594 0.470703 0.051562 0.058594