2 0.035156 0.630859 0.070312 0.179688
2 0.107031 0.580078 0.157812 0.152344
2 0.203125 0.533203 0.118750 0.117188
2 0.272656 0.509766 0.082812 0.085938
2 0.316406 0.482422 0.079687 0.074219
2 0.363281 0.465820 0.042188 0.033203
2 0.384375 0.454102 0.050000 0.044922
2 0.570312 0.472656 0.065625 0.070312
2 0.607812 0.492188 0.087500 0.070312
2 0.637500 0.518555 0.115625 0.123047
2 0.732031 0.464844 0.054688 0.070312
2 0.428125 0.444336 0.028125 0.025391
2 0.472656 0.434570 0.020313 0.025391
0 0.453906 0.443359 0.017188 0.035156
0 0.490625 0.437500 0.015625 0.027344
2 0.951562 0.464844 0.090625 0.109375
2 0.538281 0.463867 0.029687 0.044922
2 0.521875 0.448242 0.025000 0.033203
2 0.407813 0.454102 0.028125 0.037109