0 0.252344 0.477539 0.026562 0.068359
0 0.229687 0.482422 0.025000 0.070312
0 0.213281 0.481445 0.023438 0.072266
2 0.921875 0.488281 0.125000 0.066406
2 0.894531 0.637695 0.204687 0.228516
2 0.781250 0.565430 0.137500 0.138672
2 0.717969 0.519531 0.132812 0.117188
2 0.585938 0.468750 0.040625 0.042969
2 0.843750 0.482422 0.037500 0.039062
0 0.365625 0.459961 0.018750 0.041016
0 0.417187 0.451172 0.018750 0.039062
2 0.500000 0.452148 0.025000 0.029297
0 0.597656 0.470703 0.020313 0.050781
2 0.892969 0.472656 0.057813 0.050781