2 0.198437 0.429688 0.118750 0.097656
2 0.068750 0.412109 0.134375 0.039062
2 0.458594 0.438477 0.057813 0.060547
2 0.502344 0.431641 0.042188 0.046875
2 0.529687 0.429688 0.043750 0.042969
2 0.567187 0.419922 0.040625 0.039062
2 0.723437 0.434570 0.053125 0.064453
2 0.906250 0.459961 0.059375 0.107422
2 0.858594 0.451172 0.070312 0.074219
2 0.976562 0.461914 0.037500 0.115234
1 0.187500 0.608398 0.168750 0.087891
0 0.188281 0.542969 0.079687 0.164062
2 0.613281 0.412109 0.023438 0.035156
2 0.864062 0.432617 0.100000 0.076172