2 0.842187 0.554688 0.312500 0.277344
2 0.675781 0.498047 0.173437 0.203125
2 0.578125 0.509766 0.037500 0.085938
2 0.546875 0.488281 0.046875 0.062500
2 0.525000 0.474609 0.040625 0.062500
2 0.498437 0.479492 0.021875 0.044922
2 0.478125 0.468750 0.021875 0.027344
2 0.426563 0.464844 0.021875 0.031250
2 0.403906 0.473633 0.032813 0.037109
2 0.368750 0.475586 0.031250 0.033203
2 0.342187 0.479492 0.034375 0.044922
2 0.304688 0.488281 0.046875 0.046875
2 0.265625 0.491211 0.040625 0.076172
0 0.214844 0.478516 0.042188 0.121094
1 0.214062 0.538086 0.034375 0.076172
2 0.176563 0.465820 0.034375 0.044922
2 0.142969 0.519531 0.098437 0.105469
2 0.051562 0.521484 0.103125 0.187500