2 0.028906 0.630859 0.057813 0.230469
2 0.104688 0.591797 0.165625 0.167969
2 0.193750 0.551758 0.100000 0.095703
2 0.279687 0.512695 0.081250 0.091797
2 0.322656 0.491211 0.067187 0.076172
2 0.371875 0.484375 0.040625 0.050781
2 0.558594 0.460938 0.026562 0.035156
2 0.580469 0.476562 0.045312 0.062500
2 0.609375 0.500000 0.078125 0.070312
0 0.654687 0.457031 0.028125 0.054688
2 0.649219 0.542969 0.070312 0.128906
2 0.747656 0.578125 0.210938 0.203125
2 0.928906 0.838867 0.132812 0.310547
0 0.442188 0.461914 0.018750 0.052734
2 0.490625 0.444336 0.025000 0.025391
2 0.425781 0.458008 0.023438 0.029297