2 0.086719 0.527344 0.173437 0.164062
2 0.195312 0.503906 0.143750 0.140625
2 0.303125 0.498047 0.090625 0.078125
2 0.352344 0.488281 0.045312 0.066406
2 0.390625 0.473633 0.053125 0.060547
2 0.430469 0.469727 0.035937 0.041016
2 0.585938 0.466797 0.040625 0.042969
2 0.621094 0.487305 0.079687 0.076172
2 0.790625 0.477539 0.087500 0.091797
0 0.560156 0.461914 0.020313 0.052734
0 0.542969 0.460938 0.020313 0.042969
2 0.522656 0.455078 0.020313 0.023438
2 0.457813 0.461914 0.031250 0.037109
2 0.385156 0.482422 0.035937 0.054688
2 0.675781 0.470703 0.020313 0.046875
2 0.481250 0.453125 0.021875 0.027344