2 0.052344 0.572266 0.101562 0.125000
2 0.154688 0.653320 0.309375 0.291016
2 0.263281 0.497070 0.107813 0.083984
2 0.321094 0.482422 0.067187 0.082031
2 0.463281 0.450195 0.026562 0.033203
2 0.494531 0.441406 0.026562 0.031250
2 0.632031 0.537109 0.117188 0.121094
2 0.699219 0.574219 0.170313 0.164062
2 0.850781 0.676758 0.295312 0.279297
2 0.935156 0.846680 0.120313 0.294922
0 0.830469 0.425781 0.010937 0.031250
0 0.843750 0.425781 0.012500 0.031250
0 0.853125 0.425781 0.012500 0.035156
0 0.505469 0.456055 0.020313 0.052734
2 0.364844 0.467773 0.032813 0.056641
2 0.386719 0.461914 0.029687 0.044922
2 0.438281 0.444336 0.023438 0.029297
2 0.603125 0.495117 0.112500 0.119141
2 0.535937 0.452148 0.034375 0.052734
2 0.555469 0.474609 0.032813 0.054688