2 0.742188 0.477539 0.134375 0.087891
2 0.614062 0.519531 0.100000 0.093750
2 0.646875 0.548828 0.128125 0.128906
2 0.745313 0.619141 0.259375 0.214844
2 0.343750 0.467773 0.037500 0.044922
2 0.322656 0.458984 0.026562 0.035156
2 0.185156 0.486328 0.073438 0.058594
2 0.133594 0.475586 0.070312 0.044922
2 0.133594 0.550781 0.126562 0.125000
2 0.059375 0.553711 0.118750 0.103516
2 0.082812 0.733398 0.162500 0.341797
0 0.377344 0.470703 0.023438 0.050781
0 0.259375 0.463867 0.018750 0.044922
0 0.251563 0.462891 0.018750 0.046875
0 0.565625 0.456055 0.021875 0.044922
1 0.860938 0.515625 0.034375 0.042969
1 0.813281 0.512695 0.035937 0.052734
1 0.377344 0.488281 0.014063 0.039062
2 0.292187 0.458984 0.034375 0.039062