0 0.941406 0.460938 0.048438 0.160156
0 0.943750 0.363281 0.009375 0.042969
0 0.929688 0.361328 0.012500 0.035156
0 0.921875 0.354492 0.012500 0.029297
0 0.914062 0.377930 0.015625 0.044922
0 0.903125 0.374023 0.012500 0.041016
0 0.890625 0.466797 0.037500 0.140625
0 0.880469 0.396484 0.026562 0.050781
0 0.842187 0.374023 0.021875 0.025391
0 0.841406 0.427734 0.023438 0.082031
0 0.817187 0.359375 0.018750 0.031250
0 0.817187 0.433594 0.021875 0.105469
0 0.804688 0.355469 0.009375 0.027344
0 0.795312 0.368164 0.012500 0.037109
0 0.793750 0.428711 0.025000 0.083984
0 0.782813 0.393555 0.021875 0.037109
0 0.766406 0.396484 0.020313 0.035156
0 0.754687 0.430664 0.025000 0.095703
0 0.777344 0.471680 0.039062 0.087891
0 0.732812 0.419922 0.021875 0.089844
0 0.713281 0.387695 0.020313 0.025391
0 0.705469 0.454102 0.026562 0.126953
0 0.686719 0.416016 0.020313 0.070312
0 0.675000 0.397461 0.018750 0.056641
0 0.648438 0.389648 0.018750 0.056641
0 0.632812 0.387695 0.021875 0.064453
0 0.614062 0.375977 0.018750 0.044922
0 0.598437 0.383789 0.018750 0.056641
0 0.584375 0.392578 0.018750 0.046875
0 0.567187 0.386719 0.018750 0.039062
0 0.552344 0.387695 0.020313 0.033203
2 0.538281 0.447266 0.092188 0.097656
2 0.508594 0.406250 0.054688 0.058594
2 0.482031 0.394531 0.023438 0.039062
2 0.472656 0.381836 0.020313 0.025391
2 0.436719 0.377930 0.048438 0.033203
2 0.428125 0.420898 0.065625 0.068359
2 0.386719 0.392578 0.023438 0.039062
2 0.399219 0.380859 0.020313 0.031250
2 0.362500 0.403320 0.034375 0.060547
2 0.310937 0.426758 0.084375 0.091797
2 0.237500 0.434570 0.065625 0.072266
0 0.157031 0.437500 0.026562 0.093750
0 0.124219 0.426758 0.014063 0.072266
0 0.090625 0.431641 0.018750 0.078125