2 0.480469 0.464844 0.060937 0.054688
2 0.332813 0.463867 0.084375 0.072266
2 0.383594 0.467773 0.026562 0.044922
0 0.934375 0.476562 0.050000 0.117188
0 0.423438 0.449219 0.018750 0.039062
0 0.625000 0.457031 0.015625 0.039062
0 0.642969 0.457031 0.010937 0.054688
0 0.653125 0.456055 0.012500 0.056641
0 0.664844 0.458008 0.014063 0.052734
0 0.700000 0.462891 0.018750 0.035156
2 0.513281 0.449219 0.017188 0.019531
2 0.535156 0.454102 0.023438 0.025391
2 0.553906 0.450195 0.017188 0.021484
1 0.921875 0.524414 0.100000 0.060547