2 0.112500 0.578125 0.221875 0.222656
2 0.253125 0.542969 0.087500 0.125000
2 0.380469 0.468750 0.060937 0.074219
2 0.582031 0.476562 0.048438 0.058594
2 0.623437 0.496094 0.062500 0.062500
2 0.632812 0.509766 0.068750 0.078125
2 0.689063 0.528320 0.103125 0.087891
2 0.717969 0.561523 0.142187 0.134766
2 0.852344 0.642578 0.279687 0.300781
2 0.948438 0.829102 0.100000 0.259766
2 0.412500 0.464844 0.021875 0.039062
2 0.424219 0.455078 0.029687 0.039062
0 0.443750 0.449219 0.018750 0.039062
0 0.473438 0.449219 0.018750 0.042969
0 0.496875 0.446289 0.018750 0.044922
2 0.555469 0.450195 0.029687 0.044922