0 0.870313 0.525391 0.028125 0.074219
0 0.839844 0.513672 0.029687 0.082031
2 0.971094 0.686523 0.054688 0.115234
2 0.621094 0.496094 0.057813 0.054688
2 0.607812 0.484375 0.050000 0.050781
2 0.394531 0.474609 0.048438 0.042969
2 0.330469 0.449219 0.032813 0.042969
2 0.271094 0.431641 0.048438 0.027344
2 0.261719 0.575195 0.229687 0.259766
2 0.150000 0.736328 0.300000 0.398438
2 0.082031 0.487305 0.160938 0.091797
2 0.412500 0.458984 0.037500 0.046875
2 0.563281 0.468750 0.023438 0.031250
2 0.578125 0.476562 0.025000 0.035156