0 0.551562 0.519531 0.025000 0.113281
0 0.397656 0.462891 0.020313 0.062500
2 0.103125 0.475586 0.106250 0.076172
2 0.066406 0.628906 0.132812 0.222656
2 0.142187 0.565430 0.140625 0.138672
2 0.196875 0.526367 0.081250 0.091797
2 0.242969 0.508789 0.076563 0.083984
2 0.303125 0.492188 0.096875 0.066406
2 0.523438 0.481445 0.046875 0.052734
2 0.503906 0.463867 0.032813 0.044922
2 0.619531 0.515625 0.110937 0.117188
2 0.721875 0.583008 0.184375 0.166016
2 0.849219 0.681641 0.298438 0.277344
2 0.946094 0.862305 0.098437 0.271484
2 0.839844 0.466797 0.079687 0.054688
2 0.974219 0.467773 0.048438 0.060547
2 0.532813 0.492188 0.028125 0.062500
0 0.382031 0.466797 0.014063 0.058594
0 0.372656 0.468750 0.014063 0.070312
2 0.324219 0.454102 0.045312 0.044922
2 0.478906 0.450195 0.023438 0.033203