0 0.415625 0.468750 0.018750 0.046875
0 0.491406 0.470703 0.020313 0.062500
2 0.889062 0.804688 0.215625 0.378906
2 0.816406 0.641602 0.279687 0.248047
2 0.721875 0.549805 0.184375 0.181641
2 0.375781 0.482422 0.042188 0.050781
2 0.344531 0.500000 0.060937 0.070312
2 0.285156 0.515625 0.076563 0.082031
2 0.237500 0.543945 0.078125 0.103516
2 0.143750 0.560547 0.137500 0.160156
2 0.067187 0.631836 0.134375 0.208984
2 0.414844 0.458008 0.035937 0.033203
2 0.450781 0.451172 0.023438 0.023438
2 0.514844 0.461914 0.048438 0.056641
2 0.632812 0.526367 0.056250 0.115234
2 0.621094 0.500977 0.051562 0.083984
2 0.606250 0.490234 0.043750 0.070312
2 0.594531 0.472656 0.060937 0.082031
2 0.565625 0.466797 0.025000 0.046875
2 0.828125 0.453125 0.109375 0.046875
2 0.739844 0.445312 0.048438 0.031250