0 0.989844 0.447266 0.017188 0.085938
0 0.852344 0.475586 0.026562 0.103516
0 0.823438 0.478516 0.040625 0.140625
0 0.772656 0.471680 0.020313 0.083984
0 0.753125 0.473633 0.025000 0.083984
2 0.608594 0.496094 0.123438 0.121094
0 0.555469 0.460938 0.010937 0.027344
2 0.440625 0.464844 0.043750 0.054688
2 0.407031 0.465820 0.020313 0.025391
2 0.389062 0.465820 0.018750 0.025391
2 0.364844 0.462891 0.026562 0.031250
2 0.221875 0.494141 0.081250 0.078125
2 0.087500 0.503906 0.168750 0.144531
0 0.299219 0.469727 0.010937 0.025391