2 0.810156 0.460938 0.051562 0.074219
2 0.926562 0.447266 0.143750 0.136719
2 0.953125 0.490234 0.090625 0.125000
0 0.657813 0.471680 0.025000 0.091797
0 0.678125 0.469727 0.021875 0.083984
0 0.615625 0.468750 0.021875 0.066406
0 0.640625 0.467773 0.018750 0.064453
0 0.550000 0.463867 0.018750 0.048828
2 0.418750 0.464844 0.040625 0.031250
0 0.359375 0.467773 0.009375 0.021484
0 0.367969 0.462891 0.007812 0.027344
0 0.375781 0.464844 0.010937 0.023438
0 0.168750 0.478516 0.018750 0.042969
0 0.128125 0.486328 0.018750 0.031250
0 0.112500 0.489258 0.018750 0.052734