2 0.839063 0.614258 0.318750 0.365234
0 0.513281 0.500000 0.035937 0.082031
2 0.418750 0.430664 0.018750 0.025391
2 0.445312 0.446289 0.025000 0.029297
2 0.443750 0.474609 0.021875 0.023438
2 0.466406 0.481445 0.042188 0.044922
2 0.391406 0.423828 0.020313 0.023438
2 0.367969 0.445312 0.020313 0.027344
2 0.357812 0.451172 0.025000 0.027344
2 0.390625 0.448242 0.021875 0.025391
2 0.331250 0.496094 0.062500 0.058594
0 0.083594 0.486328 0.039062 0.125000
0 0.042969 0.494141 0.023438 0.101562
0 0.019531 0.467773 0.023438 0.076172
2 0.017188 0.567383 0.034375 0.123047