2 0.189844 0.561523 0.204687 0.162109
2 0.260937 0.518555 0.121875 0.107422
2 0.328906 0.487305 0.070312 0.083984
2 0.417187 0.458008 0.040625 0.052734
2 0.642188 0.503906 0.096875 0.097656
2 0.668750 0.530273 0.109375 0.103516
2 0.753125 0.567383 0.175000 0.130859
2 0.907813 0.730469 0.178125 0.332031
2 0.105469 0.482422 0.101562 0.089844
2 0.368750 0.486328 0.037500 0.062500
2 0.447656 0.448242 0.020313 0.029297
2 0.455469 0.442383 0.020313 0.033203
2 0.500781 0.444336 0.023438 0.029297
2 0.597656 0.486328 0.042188 0.066406
2 0.584375 0.478516 0.031250 0.046875
2 0.560937 0.460938 0.031250 0.042969
2 0.545312 0.443359 0.031250 0.039062