2 0.823438 0.445312 0.040625 0.027344
2 0.760156 0.449219 0.032813 0.031250
2 0.719531 0.445312 0.054688 0.039062
2 0.653906 0.453125 0.029687 0.039062
2 0.601562 0.454102 0.078125 0.060547
0 0.400781 0.425781 0.023438 0.050781
2 0.371875 0.437500 0.034375 0.031250
2 0.329688 0.438477 0.034375 0.029297
2 0.292969 0.438477 0.035937 0.029297
2 0.261719 0.439453 0.042188 0.031250
0 0.169531 0.476562 0.039062 0.183594
2 0.114062 0.441406 0.087500 0.062500
2 0.054688 0.453125 0.106250 0.070312
2 0.678125 0.452148 0.025000 0.044922