2 0.774219 0.492188 0.204687 0.117188
2 0.968750 0.469727 0.059375 0.076172
2 0.577344 0.493164 0.098437 0.083984
2 0.525781 0.486328 0.035937 0.062500
2 0.446094 0.486328 0.079687 0.074219
0 0.159375 0.470703 0.025000 0.082031
1 0.276562 0.509766 0.021875 0.042969
0 0.722656 0.453125 0.020313 0.050781
2 0.915625 0.487305 0.056250 0.103516
0 0.352344 0.466797 0.014063 0.042969
0 0.275000 0.466797 0.025000 0.046875
1 0.121094 0.495117 0.026562 0.037109
1 0.096094 0.489258 0.026562 0.052734
1 0.067969 0.489258 0.032813 0.060547
1 0.036719 0.510742 0.035937 0.123047
1 0.011719 0.498047 0.023438 0.105469