0 0.606250 0.429688 0.012500 0.035156
0 0.595313 0.432617 0.009375 0.037109
0 0.576562 0.433594 0.012500 0.039062
0 0.470313 0.442383 0.015625 0.041016
0 0.450781 0.436523 0.014063 0.044922
0 0.408594 0.441406 0.014063 0.042969
0 0.245312 0.436523 0.012500 0.044922
0 0.225000 0.431641 0.012500 0.031250
0 0.215625 0.433594 0.012500 0.035156
0 0.201563 0.436523 0.012500 0.037109
0 0.188281 0.438477 0.014063 0.044922
0 0.153125 0.428711 0.012500 0.037109
0 0.140625 0.440430 0.015625 0.060547
0 0.124219 0.441406 0.017188 0.082031
0 0.110156 0.439453 0.014063 0.070312
0 0.073438 0.424805 0.015625 0.041016
0 0.026562 0.427734 0.025000 0.031250