2 0.169531 0.552734 0.176563 0.148438
2 0.317188 0.494141 0.087500 0.082031
2 0.363281 0.472656 0.035937 0.058594
2 0.553125 0.455078 0.043750 0.066406
2 0.629687 0.474609 0.093750 0.105469
2 0.720313 0.527344 0.159375 0.144531
2 0.786719 0.600586 0.217188 0.197266
2 0.887500 0.740234 0.218750 0.363281
2 0.079687 0.472656 0.131250 0.078125
0 0.024219 0.659180 0.045312 0.314453
0 0.499219 0.456055 0.020313 0.068359
2 0.170313 0.458008 0.059375 0.037109
2 0.383594 0.465820 0.026562 0.052734
2 0.395313 0.452148 0.043750 0.056641
2 0.422656 0.449219 0.020313 0.035156
2 0.432812 0.445312 0.021875 0.035156
0 0.451562 0.452148 0.021875 0.072266
0 0.535156 0.459961 0.026562 0.056641