0 0.887500 0.486328 0.078125 0.222656
0 0.828125 0.498047 0.050000 0.207031
0 0.792188 0.470703 0.034375 0.167969
0 0.762500 0.485352 0.043750 0.197266
0 0.735938 0.442383 0.028125 0.087891
0 0.707812 0.497070 0.059375 0.201172
0 0.675781 0.481445 0.045312 0.162109
2 0.952344 0.414062 0.085938 0.070312
2 0.950000 0.488281 0.090625 0.125000
2 0.453125 0.462891 0.043750 0.031250
0 0.242188 0.482422 0.021875 0.046875
0 0.229687 0.482422 0.021875 0.042969
0 0.125781 0.488281 0.026562 0.035156
0 0.107813 0.496094 0.025000 0.050781
0 0.641406 0.460938 0.029687 0.070312
0 0.621094 0.465820 0.026562 0.076172
0 0.557031 0.457031 0.014063 0.050781