1 0.050000 0.567383 0.053125 0.076172
1 0.146875 0.538086 0.043750 0.052734
1 0.201563 0.566406 0.043750 0.074219
1 0.270313 0.558594 0.075000 0.113281
2 0.548438 0.477539 0.081250 0.083984
0 0.046875 0.488281 0.043750 0.164062
0 0.087500 0.488281 0.031250 0.117188
0 0.153125 0.480469 0.056250 0.117188
0 0.240625 0.488281 0.075000 0.187500
0 0.285938 0.463867 0.028125 0.068359
0 0.319531 0.472656 0.026562 0.062500
2 0.177344 0.462891 0.045312 0.054688
2 0.398438 0.472656 0.031250 0.031250
2 0.508594 0.480469 0.023438 0.042969
2 0.499219 0.473633 0.035937 0.041016