2 0.955469 0.488281 0.085938 0.144531
0 0.740625 0.461914 0.034375 0.130859
2 0.449219 0.462891 0.029687 0.031250
2 0.438281 0.453125 0.010937 0.019531
2 0.408594 0.441406 0.010937 0.019531
2 0.387500 0.458008 0.021875 0.025391
2 0.367188 0.462891 0.015625 0.019531
2 0.357812 0.462891 0.012500 0.019531
2 0.346875 0.464844 0.015625 0.019531
2 0.327344 0.470703 0.020313 0.023438
2 0.308594 0.467773 0.020313 0.025391
2 0.289062 0.456055 0.021875 0.033203
0 0.264062 0.574219 0.090625 0.359375
2 0.190625 0.489258 0.053125 0.091797
0 0.076563 0.500000 0.050000 0.128906