0 0.923438 0.421875 0.012500 0.050781
0 0.910937 0.408203 0.012500 0.027344
0 0.935937 0.416016 0.009375 0.035156
0 0.878906 0.414062 0.007812 0.031250
0 0.865625 0.424805 0.012500 0.041016
0 0.832031 0.428711 0.010937 0.037109
0 0.818750 0.429688 0.012500 0.042969
0 0.802344 0.427734 0.014063 0.031250
0 0.786719 0.432617 0.010937 0.041016
0 0.803125 0.489258 0.025000 0.091797
0 0.747656 0.417969 0.014063 0.046875
0 0.737500 0.414062 0.009375 0.031250
0 0.721875 0.420898 0.009375 0.029297
0 0.707031 0.404297 0.010937 0.027344
0 0.717969 0.436523 0.010937 0.021484
0 0.707031 0.439453 0.010937 0.019531
0 0.710938 0.486328 0.018750 0.085938
0 0.700000 0.472656 0.012500 0.058594
0 0.682031 0.437500 0.010937 0.019531
0 0.686719 0.486328 0.017188 0.082031
0 0.675781 0.467773 0.010937 0.052734
0 0.661719 0.468750 0.020313 0.070312
0 0.643750 0.470703 0.018750 0.074219
0 0.628125 0.465820 0.015625 0.056641
0 0.625000 0.421875 0.012500 0.019531
0 0.610156 0.455078 0.020313 0.054688
0 0.594531 0.461914 0.020313 0.060547
0 0.575000 0.433594 0.018750 0.046875
0 0.564063 0.435547 0.018750 0.042969
0 0.553125 0.438477 0.009375 0.044922
0 0.544531 0.437500 0.007812 0.046875
0 0.533594 0.440430 0.010937 0.037109
2 0.464062 0.425781 0.025000 0.027344
2 0.480469 0.440430 0.029687 0.025391
2 0.497656 0.447266 0.045312 0.035156
2 0.472656 0.457031 0.010937 0.019531
2 0.498437 0.527344 0.115625 0.117188
2 0.440625 0.449219 0.056250 0.054688
2 0.423438 0.489258 0.068750 0.072266
2 0.400000 0.425781 0.025000 0.023438
2 0.384375 0.438477 0.031250 0.033203
2 0.357031 0.465820 0.051562 0.060547
2 0.294531 0.488281 0.076563 0.089844
0 0.157812 0.454102 0.021875 0.025391
0 0.079687 0.463867 0.018750 0.064453
2 0.164062 0.541992 0.187500 0.166016
0 0.975000 0.518555 0.034375 0.166016
0 0.952344 0.506836 0.029687 0.162109
0 0.050781 0.484375 0.023438 0.070312
2 0.017969 0.527344 0.035937 0.066406