2 0.932813 0.676758 0.128125 0.240234
2 0.857812 0.606445 0.187500 0.166016
2 0.752344 0.538086 0.135937 0.134766
2 0.615625 0.472656 0.056250 0.054688
2 0.617969 0.484375 0.035937 0.050781
2 0.641406 0.495117 0.051562 0.056641
2 0.667188 0.506836 0.056250 0.087891
2 0.567969 0.457031 0.029687 0.031250
2 0.507031 0.452148 0.026562 0.029297
0 0.519531 0.455078 0.014063 0.039062
2 0.529687 0.449219 0.028125 0.023438
0 0.335156 0.458008 0.020313 0.044922
0 0.350000 0.458984 0.015625 0.042969
0 0.360156 0.457031 0.014063 0.042969
0 0.413281 0.450195 0.010937 0.037109
0 0.425781 0.451172 0.014063 0.035156