2 0.021875 0.620117 0.040625 0.216797
2 0.100000 0.583008 0.159375 0.166016
2 0.191406 0.541016 0.126562 0.105469
2 0.260937 0.519531 0.090625 0.085938
2 0.300000 0.489258 0.084375 0.083984
2 0.631250 0.518555 0.084375 0.126953
2 0.709375 0.553711 0.175000 0.193359
2 0.807031 0.619141 0.126562 0.296875
2 0.923438 0.636719 0.146875 0.464844
0 0.372656 0.476562 0.020313 0.066406
0 0.439063 0.527344 0.046875 0.167969
0 0.578125 0.523438 0.065625 0.160156
1 0.437500 0.569336 0.021875 0.095703
2 0.545312 0.464844 0.031250 0.039062
2 0.677344 0.441406 0.070312 0.031250
2 0.696094 0.447266 0.048438 0.027344
2 0.342969 0.474609 0.026562 0.058594
2 0.358594 0.468750 0.023438 0.042969
2 0.393750 0.466797 0.037500 0.042969
2 0.185156 0.465820 0.054688 0.041016
2 0.458594 0.444336 0.029687 0.029297