2 0.058594 0.583984 0.104688 0.175781
2 0.172656 0.559570 0.151562 0.150391
2 0.321875 0.496094 0.065625 0.070312
2 0.378906 0.486328 0.057813 0.074219
2 0.460156 0.454102 0.032813 0.033203
2 0.712500 0.576172 0.150000 0.164062
2 0.835938 0.633789 0.271875 0.263672
2 0.901563 0.780273 0.193750 0.435547
0 0.035937 0.666992 0.071875 0.341797
0 0.428125 0.597656 0.081250 0.281250
0 0.606250 0.577148 0.081250 0.248047
1 0.421875 0.685547 0.040625 0.152344
1 0.039062 0.772461 0.071875 0.166016
2 0.276562 0.478516 0.068750 0.058594
2 0.093750 0.483398 0.059375 0.091797
2 0.554688 0.464844 0.040625 0.050781
2 0.680469 0.462891 0.117188 0.042969
2 0.834375 0.470703 0.109375 0.062500
2 0.809375 0.458984 0.112500 0.062500