2 0.955469 0.661133 0.085938 0.310547
2 0.857812 0.407227 0.031250 0.044922
2 0.772656 0.492188 0.182812 0.199219
2 0.667969 0.485352 0.079687 0.091797
2 0.620313 0.447266 0.059375 0.066406
2 0.566406 0.372070 0.023438 0.025391
2 0.555469 0.358398 0.020313 0.025391
2 0.524219 0.351562 0.014063 0.015625
0 0.554688 0.397461 0.015625 0.029297
2 0.506250 0.357422 0.015625 0.015625
2 0.493750 0.367188 0.018750 0.015625
2 0.485938 0.379883 0.025000 0.025391
2 0.438281 0.427734 0.048438 0.050781
2 0.405469 0.456055 0.054688 0.060547
2 0.346875 0.488281 0.096875 0.082031
2 0.535156 0.460938 0.064062 0.074219
2 0.150000 0.505859 0.256250 0.210938