2 0.835938 0.582031 0.225000 0.210938
2 0.918750 0.705078 0.153125 0.367188
0 0.292187 0.461914 0.028125 0.064453
0 0.414062 0.458008 0.021875 0.052734
0 0.400781 0.453125 0.020313 0.046875
0 0.689844 0.460938 0.020313 0.039062
0 0.659375 0.460938 0.018750 0.046875
0 0.593750 0.456055 0.018750 0.029297
0 0.581250 0.456055 0.018750 0.029297
0 0.571875 0.457031 0.012500 0.035156
0 0.379688 0.451172 0.018750 0.046875
0 0.362500 0.448242 0.018750 0.044922
2 0.732031 0.525391 0.154688 0.164062
2 0.625781 0.475586 0.057813 0.060547
0 0.266406 0.449219 0.023438 0.074219