1 0.207031 0.565430 0.045312 0.087891
1 0.975000 0.667969 0.046875 0.167969
1 0.750000 0.572266 0.046875 0.097656
1 0.510156 0.500000 0.017188 0.054688
1 0.466406 0.498047 0.017188 0.050781
0 0.607812 0.474609 0.021875 0.070312
0 0.639062 0.458984 0.018750 0.039062
0 0.070312 0.487305 0.034375 0.123047
2 0.674219 0.496094 0.107813 0.093750
2 0.370312 0.470703 0.034375 0.027344
0 0.689063 0.441406 0.021875 0.019531
0 0.970313 0.496094 0.056250 0.207031
0 0.742969 0.495117 0.060937 0.177734
0 0.512500 0.455078 0.015625 0.050781
0 0.465625 0.445312 0.021875 0.054688
2 0.431250 0.464844 0.018750 0.023438
0 0.213281 0.496094 0.042188 0.156250
0 0.025781 0.456055 0.023438 0.041016
1 0.250781 0.502930 0.023438 0.052734