2 0.831250 0.471680 0.087500 0.052734
2 0.904687 0.464844 0.071875 0.042969
2 0.460938 0.479492 0.096875 0.060547
2 0.239844 0.517578 0.185938 0.125000
2 0.075000 0.533203 0.146875 0.140625
0 0.654687 0.470703 0.021875 0.070312
0 0.702344 0.463867 0.026562 0.068359
0 0.732031 0.464844 0.026562 0.062500
0 0.406250 0.490234 0.021875 0.089844
0 0.385156 0.488281 0.032813 0.097656
0 0.358594 0.482422 0.026562 0.093750
0 0.338281 0.483398 0.023438 0.099609
0 0.309375 0.457031 0.018750 0.042969
0 0.289844 0.454102 0.026562 0.041016
0 0.039844 0.451172 0.023438 0.039062
0 0.948438 0.457031 0.018750 0.050781
0 0.959375 0.457031 0.018750 0.046875
0 0.868750 0.446289 0.018750 0.029297