2 0.215625 0.492188 0.068750 0.093750
2 0.285938 0.486328 0.068750 0.074219
2 0.471094 0.455078 0.032813 0.031250
2 0.848437 0.513672 0.178125 0.156250
2 0.943750 0.565430 0.109375 0.181641
0 0.348438 0.468750 0.028125 0.066406
0 0.381250 0.468750 0.028125 0.066406
0 0.685937 0.501953 0.025000 0.132812
0 0.748437 0.500000 0.031250 0.121094
1 0.352344 0.488281 0.023438 0.042969
1 0.384375 0.488281 0.021875 0.054688
2 0.604688 0.453125 0.034375 0.042969
2 0.119531 0.507812 0.182812 0.152344
2 0.315625 0.471680 0.046875 0.068359
2 0.655469 0.475586 0.051562 0.072266
2 0.725781 0.497070 0.032813 0.072266
2 0.575781 0.458008 0.023438 0.029297
0 0.421094 0.458984 0.014063 0.039062
0 0.492969 0.453125 0.010937 0.027344
0 0.504687 0.453125 0.012500 0.027344