2 0.142187 0.493164 0.275000 0.251953
2 0.292969 0.439453 0.045312 0.089844
2 0.338281 0.441406 0.048438 0.054688
2 0.556250 0.431641 0.043750 0.042969
2 0.504687 0.428711 0.040625 0.041016
0 0.619531 0.432617 0.023438 0.052734
2 0.646094 0.488281 0.098437 0.156250
2 0.764062 0.541992 0.290625 0.263672
2 0.368750 0.435547 0.031250 0.046875
2 0.392188 0.432617 0.031250 0.037109
2 0.418750 0.427734 0.028125 0.031250
0 0.447656 0.424805 0.014063 0.037109
2 0.434375 0.423828 0.021875 0.035156
2 0.588281 0.440430 0.035937 0.060547