2 0.067969 0.564453 0.129688 0.214844
2 0.216406 0.520508 0.151562 0.119141
2 0.337500 0.493164 0.093750 0.072266
0 0.415625 0.471680 0.025000 0.064453
2 0.691406 0.514648 0.120313 0.123047
2 0.373437 0.480469 0.062500 0.070312
2 0.725781 0.541016 0.135937 0.144531
2 0.790625 0.588867 0.156250 0.201172
2 0.886719 0.647461 0.220312 0.439453
2 0.634375 0.499023 0.040625 0.076172
2 0.623437 0.494141 0.043750 0.066406
2 0.603906 0.474609 0.051562 0.062500
2 0.467187 0.462891 0.018750 0.031250
2 0.486719 0.458984 0.023438 0.023438
0 0.562500 0.465820 0.012500 0.041016
0 0.553125 0.463867 0.012500 0.041016