2 0.060156 0.545898 0.120313 0.216797
2 0.217188 0.500000 0.156250 0.117188
2 0.300000 0.495117 0.053125 0.076172
2 0.360156 0.470703 0.070312 0.062500
2 0.419531 0.460938 0.032813 0.035156
2 0.641406 0.506836 0.098437 0.103516
0 0.554688 0.467773 0.021875 0.072266
0 0.535937 0.463867 0.018750 0.068359
0 0.456250 0.457031 0.018750 0.039062
2 0.578125 0.462891 0.025000 0.042969
2 0.599219 0.472656 0.051562 0.062500
2 0.513281 0.458984 0.032813 0.035156
2 0.702344 0.456055 0.060937 0.037109
0 0.467969 0.457031 0.014063 0.042969
0 0.479687 0.456055 0.012500 0.041016
2 0.771094 0.495117 0.048438 0.076172
2 0.399219 0.469727 0.023438 0.044922