0 0.105469 0.586914 0.067187 0.166016
2 0.028906 0.657227 0.057813 0.181641
2 0.173437 0.574219 0.121875 0.144531
2 0.078125 0.590820 0.090625 0.142578
2 0.231250 0.526367 0.118750 0.134766
2 0.307812 0.518555 0.056250 0.091797
2 0.343750 0.496094 0.037500 0.050781
2 0.371094 0.478516 0.048438 0.058594
2 0.605469 0.483398 0.067187 0.072266
2 0.621875 0.513672 0.046875 0.085938
2 0.671094 0.523438 0.123438 0.113281
2 0.723437 0.572266 0.159375 0.144531
2 0.858594 0.659180 0.279687 0.263672
2 0.550781 0.456055 0.035937 0.037109
0 0.527344 0.452148 0.020313 0.044922
0 0.513281 0.451172 0.020313 0.042969
2 0.427344 0.455078 0.029687 0.039062
2 0.411719 0.463867 0.023438 0.037109
2 0.395313 0.475586 0.021875 0.044922