2 0.014844 0.563477 0.026562 0.212891
2 0.094531 0.541016 0.173437 0.171875
2 0.192969 0.500000 0.135937 0.164062
2 0.375000 0.476562 0.118750 0.062500
2 0.584375 0.475586 0.056250 0.060547
2 0.885938 0.473633 0.090625 0.037109
2 0.957812 0.482422 0.081250 0.078125
2 0.863281 0.608398 0.267188 0.232422
2 0.956250 0.722656 0.084375 0.226562
0 0.736719 0.464844 0.026562 0.039062
2 0.496875 0.451172 0.025000 0.031250
2 0.701562 0.520508 0.134375 0.123047
2 0.432031 0.458008 0.032813 0.041016
0 0.464844 0.454102 0.017188 0.037109