2 0.926562 0.513672 0.143750 0.242188
2 0.861719 0.479492 0.235937 0.212891
0 0.710938 0.512695 0.078125 0.263672
2 0.655469 0.480469 0.079687 0.191406
0 0.592187 0.487305 0.040625 0.205078
2 0.546875 0.483398 0.062500 0.099609
2 0.504687 0.474609 0.028125 0.066406
2 0.480469 0.470703 0.023438 0.058594
2 0.383594 0.488281 0.185938 0.238281
2 0.284375 0.468750 0.028125 0.058594
2 0.266406 0.477539 0.029687 0.068359
2 0.131250 0.476562 0.262500 0.199219
2 0.082812 0.516602 0.165625 0.177734
2 0.032813 0.565430 0.065625 0.173828