2 0.925000 0.449219 0.143750 0.140625
2 0.951562 0.490234 0.093750 0.113281
0 0.804688 0.483398 0.046875 0.177734
0 0.738281 0.482422 0.051562 0.195312
0 0.407813 0.484375 0.050000 0.156250
0 0.314063 0.518555 0.065625 0.212891
1 0.316406 0.582031 0.035937 0.128906
2 0.643750 0.449219 0.025000 0.027344
0 0.168750 0.478516 0.018750 0.039062
0 0.127344 0.487305 0.020313 0.033203
0 0.114844 0.490234 0.020313 0.054688
0 0.614844 0.462891 0.023438 0.062500
0 0.598437 0.458984 0.021875 0.058594
0 0.551562 0.462891 0.021875 0.050781