2 0.076563 0.488281 0.153125 0.085938
2 0.167187 0.459961 0.093750 0.076172
2 0.107031 0.666992 0.210938 0.291016
2 0.250000 0.560547 0.193750 0.222656
2 0.402344 0.493164 0.070312 0.072266
2 0.446875 0.470703 0.037500 0.058594
2 0.652344 0.477539 0.060937 0.056641
2 0.555469 0.455078 0.032813 0.031250
2 0.885938 0.600586 0.203125 0.169922
2 0.946875 0.669922 0.103125 0.195312
2 0.309375 0.458984 0.065625 0.054688
2 0.477344 0.463867 0.026562 0.041016
2 0.488281 0.457031 0.029687 0.035156
2 0.507812 0.446289 0.021875 0.033203
2 0.613281 0.459961 0.035937 0.041016
2 0.596094 0.457031 0.023438 0.031250