0 0.858594 0.528320 0.048438 0.201172
0 0.931250 0.572266 0.115625 0.339844
1 0.929688 0.705078 0.078125 0.207031
0 0.735938 0.475586 0.021875 0.056641
0 0.203125 0.477539 0.021875 0.068359
0 0.184375 0.475586 0.018750 0.064453
2 0.426563 0.479492 0.059375 0.064453
2 0.483594 0.465820 0.035937 0.037109
2 0.372656 0.479492 0.048438 0.044922
0 0.704688 0.469727 0.018750 0.060547
0 0.692969 0.469727 0.014063 0.060547
0 0.264844 0.463867 0.020313 0.052734
0 0.537500 0.459961 0.015625 0.029297
2 0.398438 0.467773 0.031250 0.037109