2 0.067187 0.565430 0.131250 0.208984
2 0.167187 0.537109 0.140625 0.148438
2 0.249219 0.500000 0.117188 0.132812
2 0.321875 0.495117 0.050000 0.099609
2 0.369531 0.482422 0.060937 0.070312
2 0.424219 0.466797 0.054688 0.042969
2 0.465625 0.457031 0.040625 0.039062
2 0.532031 0.456055 0.026562 0.025391
2 0.625000 0.485352 0.062500 0.060547
2 0.716406 0.540039 0.129688 0.154297
2 0.830469 0.596680 0.270313 0.240234
0 0.550000 0.469727 0.018750 0.052734
0 0.564844 0.468750 0.020313 0.062500
0 0.490625 0.458984 0.012500 0.039062
0 0.507031 0.457031 0.014063 0.039062
2 0.604688 0.469727 0.040625 0.052734