1 0.735156 0.650391 0.110937 0.226562
1 0.574219 0.541016 0.023438 0.121094
1 0.479687 0.548828 0.021875 0.121094
1 0.386719 0.586914 0.029687 0.154297
2 0.274219 0.479492 0.064062 0.060547
2 0.340625 0.476562 0.031250 0.039062
0 0.177344 0.455078 0.017188 0.042969
1 0.066406 0.512695 0.032813 0.083984
1 0.930469 0.517578 0.092188 0.156250
1 0.628125 0.492188 0.037500 0.093750
0 0.732031 0.487305 0.107813 0.330078
0 0.575000 0.469727 0.046875 0.201172
0 0.479687 0.487305 0.056250 0.193359
0 0.443750 0.464844 0.012500 0.058594
0 0.387500 0.508789 0.068750 0.259766
0 0.322656 0.455078 0.010937 0.035156