0 0.947656 0.538086 0.085938 0.326172
2 0.856250 0.495117 0.103125 0.056641
2 0.847656 0.457031 0.079687 0.023438
2 0.778125 0.486328 0.037500 0.050781
2 0.749219 0.462891 0.035937 0.027344
2 0.744531 0.493164 0.026562 0.037109
2 0.703906 0.456055 0.026562 0.025391
2 0.672656 0.477539 0.092188 0.080078
2 0.596094 0.478516 0.054688 0.085938
2 0.510156 0.476562 0.035937 0.046875
2 0.474219 0.477539 0.029687 0.044922
2 0.450000 0.476562 0.025000 0.054688
2 0.417187 0.480469 0.037500 0.050781
2 0.383594 0.476562 0.032813 0.054688
2 0.354687 0.477539 0.021875 0.056641
2 0.325000 0.471680 0.031250 0.029297
2 0.100000 0.462891 0.053125 0.050781
2 0.225000 0.522461 0.250000 0.166016
2 0.053125 0.528320 0.106250 0.201172