0 0.114062 0.480469 0.021875 0.082031
0 0.144531 0.475586 0.026562 0.091797
0 0.773438 0.492188 0.028125 0.121094
0 0.747656 0.465820 0.020313 0.087891
0 0.706250 0.474609 0.028125 0.085938
0 0.729688 0.528320 0.053125 0.228516
2 0.379688 0.469727 0.043750 0.033203
2 0.454688 0.467773 0.034375 0.041016
2 0.497656 0.463867 0.051562 0.033203
0 0.292969 0.449219 0.017188 0.023438
0 0.271094 0.442383 0.017188 0.029297
0 0.258594 0.463867 0.020313 0.056641
0 0.242188 0.461914 0.018750 0.060547
2 0.050781 0.466797 0.085938 0.050781
0 0.663281 0.467773 0.020313 0.048828
0 0.650000 0.467773 0.012500 0.048828
0 0.641406 0.465820 0.014063 0.048828
1 0.729688 0.602539 0.046875 0.134766