0 0.447656 0.458008 0.020313 0.060547
0 0.592187 0.451172 0.015625 0.050781
0 0.622656 0.450195 0.020313 0.052734
2 0.496094 0.458984 0.029687 0.042969
2 0.056250 0.527344 0.112500 0.183594
2 0.136719 0.481445 0.110937 0.072266
2 0.225000 0.479492 0.096875 0.072266
2 0.310937 0.473633 0.103125 0.056641
2 0.399219 0.470703 0.085938 0.054688
0 0.227344 0.438477 0.020313 0.025391
0 0.409375 0.439453 0.021875 0.023438
0 0.464844 0.463867 0.023438 0.056641
0 0.479687 0.462891 0.021875 0.058594
0 0.306250 0.437500 0.018750 0.023438