2 0.071094 0.568359 0.139063 0.199219
2 0.163281 0.543945 0.092188 0.119141
2 0.218750 0.521484 0.075000 0.101562
2 0.254688 0.476562 0.068750 0.054688
2 0.300781 0.532227 0.135937 0.126953
2 0.366406 0.482422 0.070312 0.093750
2 0.400000 0.464844 0.037500 0.058594
2 0.465625 0.444336 0.037500 0.044922
2 0.852344 0.712891 0.292187 0.332031
2 0.703125 0.596680 0.193750 0.185547
2 0.623437 0.527344 0.134375 0.156250
2 0.554688 0.487305 0.065625 0.076172
0 0.977344 0.426758 0.017188 0.044922
0 0.483594 0.461914 0.020313 0.052734
0 0.961719 0.426758 0.014063 0.041016
2 0.656250 0.434570 0.056250 0.037109
2 0.501563 0.451172 0.028125 0.039062