0 0.940625 0.455078 0.115625 0.234375
1 0.952344 0.670898 0.092188 0.197266
2 0.560937 0.488281 0.053125 0.042969
2 0.535156 0.478516 0.023438 0.035156
2 0.520312 0.468750 0.012500 0.019531
2 0.511719 0.459961 0.010937 0.013672
2 0.496875 0.457031 0.009375 0.015625
2 0.470313 0.467773 0.009375 0.017578
2 0.455469 0.472656 0.017188 0.019531
2 0.436719 0.482422 0.017188 0.023438
2 0.418750 0.484375 0.021875 0.031250
2 0.401562 0.488281 0.025000 0.039062
2 0.364063 0.498047 0.056250 0.046875
2 0.321094 0.507812 0.042188 0.062500
2 0.281250 0.519531 0.056250 0.066406
2 0.179688 0.523438 0.153125 0.156250