0 0.439063 0.478516 0.037500 0.140625
0 0.223438 0.464844 0.034375 0.085938
0 0.611719 0.515625 0.070312 0.250000
1 0.225781 0.495117 0.020313 0.068359
2 0.076563 0.492188 0.153125 0.136719
2 0.398438 0.472656 0.050000 0.066406
2 0.520312 0.482422 0.137500 0.105469
2 0.542969 0.513672 0.070312 0.082031
2 0.692187 0.458008 0.131250 0.072266
2 0.697656 0.513672 0.129688 0.132812
2 0.747656 0.522461 0.142187 0.169922
2 0.889062 0.517578 0.215625 0.246094
2 0.956250 0.555664 0.081250 0.263672
1 0.242188 0.495117 0.018750 0.052734
0 0.245312 0.456055 0.025000 0.064453
2 0.362500 0.471680 0.050000 0.056641
2 0.147656 0.477539 0.045312 0.060547