0 0.723437 0.510742 0.059375 0.150391
0 0.592187 0.498047 0.018750 0.023438
1 0.592969 0.515625 0.017188 0.019531
2 0.543750 0.531250 0.096875 0.085938
2 0.467187 0.505859 0.037500 0.042969
2 0.444531 0.504883 0.020313 0.025391
2 0.419531 0.499023 0.029687 0.025391
2 0.400781 0.502930 0.020313 0.025391
2 0.385156 0.496094 0.020313 0.023438
2 0.348438 0.507812 0.053125 0.066406
2 0.352344 0.518555 0.020313 0.037109
2 0.331250 0.526367 0.034375 0.052734
2 0.290625 0.527344 0.068750 0.078125
2 0.171875 0.510742 0.050000 0.060547
2 0.225000 0.549805 0.115625 0.115234
2 0.081250 0.582031 0.162500 0.339844