2 0.050000 0.513672 0.100000 0.082031
2 0.065625 0.650391 0.131250 0.230469
2 0.165625 0.592773 0.156250 0.150391
2 0.285156 0.538086 0.092188 0.087891
2 0.328125 0.509766 0.075000 0.074219
2 0.373437 0.501953 0.040625 0.054688
1 0.869531 0.556641 0.073438 0.046875
1 0.982031 0.644531 0.032813 0.066406
0 0.871094 0.520508 0.035937 0.103516
2 0.392188 0.496094 0.025000 0.042969
2 0.413281 0.489258 0.029687 0.037109
2 0.421094 0.477539 0.026562 0.037109
2 0.555469 0.485352 0.023438 0.033203
2 0.575781 0.497070 0.045312 0.044922
1 0.592187 0.511719 0.059375 0.039062
0 0.442188 0.492188 0.021875 0.058594