2 0.882031 0.482422 0.232813 0.171875
0 0.691406 0.492188 0.035937 0.140625
2 0.728906 0.468750 0.029687 0.027344
2 0.659375 0.468750 0.028125 0.027344
2 0.633594 0.466797 0.029687 0.027344
2 0.609375 0.467773 0.028125 0.025391
2 0.469531 0.464844 0.026562 0.031250
2 0.441406 0.481445 0.048438 0.056641
2 0.367188 0.462891 0.015625 0.035156
0 0.351562 0.470703 0.018750 0.062500
2 0.306250 0.452148 0.028125 0.025391
2 0.270313 0.455078 0.034375 0.027344
0 0.244531 0.489258 0.023438 0.083984
0 0.208594 0.471680 0.026562 0.095703
2 0.183594 0.454102 0.029687 0.029297
2 0.157031 0.451172 0.026562 0.039062
2 0.108594 0.449219 0.054688 0.042969
2 0.050000 0.485352 0.100000 0.111328