0 0.950781 0.535156 0.048438 0.160156
0 0.894531 0.529297 0.035937 0.148438
0 0.937500 0.432617 0.018750 0.052734
0 0.909375 0.429688 0.018750 0.042969
0 0.893750 0.424805 0.018750 0.033203
0 0.855469 0.436523 0.020313 0.044922
0 0.812500 0.439453 0.018750 0.042969
0 0.800781 0.445312 0.020313 0.042969
0 0.780469 0.416016 0.010937 0.027344
0 0.774219 0.414062 0.007812 0.027344
0 0.788281 0.445312 0.010937 0.046875
0 0.769531 0.500977 0.023438 0.095703
0 0.741406 0.431641 0.007812 0.027344
0 0.725781 0.416016 0.010937 0.027344
0 0.703125 0.412109 0.009375 0.027344
0 0.714063 0.434570 0.012500 0.041016
0 0.693750 0.442383 0.018750 0.029297
0 0.692969 0.492188 0.020313 0.070312
0 0.672656 0.496094 0.014063 0.074219
0 0.660937 0.472656 0.012500 0.046875
0 0.639844 0.433594 0.010937 0.019531
0 0.643750 0.477539 0.018750 0.068359
0 0.632031 0.440430 0.010937 0.021484
0 0.621875 0.443359 0.012500 0.042969
0 0.627344 0.480469 0.017188 0.066406
0 0.606250 0.425781 0.009375 0.027344
0 0.603906 0.460938 0.014063 0.050781
0 0.592187 0.436523 0.009375 0.044922
0 0.569531 0.445312 0.007812 0.042969
0 0.560156 0.449219 0.010937 0.042969
0 0.550000 0.450195 0.009375 0.044922
0 0.539062 0.451172 0.009375 0.039062
0 0.531250 0.449219 0.009375 0.039062
2 0.465625 0.439453 0.028125 0.031250
2 0.493750 0.457031 0.046875 0.035156
2 0.428906 0.425781 0.017188 0.019531
2 0.400781 0.429688 0.017188 0.023438
2 0.438281 0.454102 0.067187 0.044922
2 0.391406 0.442383 0.020313 0.029297
2 0.373437 0.451172 0.037500 0.039062
2 0.364844 0.463867 0.045312 0.056641
2 0.418750 0.504883 0.068750 0.080078
2 0.315625 0.459961 0.034375 0.013672
2 0.282031 0.461914 0.035937 0.017578
2 0.335938 0.492188 0.043750 0.062500
2 0.489063 0.536133 0.125000 0.123047
2 0.251563 0.523438 0.118750 0.117188
0 0.167187 0.478516 0.018750 0.066406
0 0.155469 0.482422 0.020313 0.066406
0 0.132031 0.489258 0.023438 0.060547
0 0.116406 0.487305 0.020313 0.068359
0 0.089844 0.491211 0.026562 0.068359
2 0.027344 0.528320 0.054688 0.076172
0 0.991406 0.519531 0.014063 0.156250