0 0.815625 0.622070 0.090625 0.259766
0 0.726562 0.497070 0.028125 0.080078
0 0.310937 0.558594 0.056250 0.218750
0 0.257031 0.564453 0.057813 0.207031
0 0.203125 0.556641 0.062500 0.199219
1 0.818750 0.698242 0.034375 0.150391
2 0.892969 0.529297 0.107813 0.125000
2 0.780469 0.496094 0.082812 0.074219
2 0.542969 0.458008 0.042188 0.041016
2 0.134375 0.575195 0.140625 0.166016
0 0.400781 0.465820 0.026562 0.052734
2 0.435156 0.447266 0.020313 0.023438
2 0.666406 0.475586 0.026562 0.041016
0 0.567187 0.455078 0.018750 0.039062