0 0.309375 0.490234 0.028125 0.097656
0 0.337500 0.491211 0.028125 0.095703
0 0.570312 0.501953 0.031250 0.117188
0 0.612500 0.507812 0.046875 0.164062
2 0.719531 0.541992 0.142187 0.134766
2 0.870313 0.671875 0.250000 0.351562
2 0.963281 0.862305 0.067187 0.271484
2 0.508594 0.471680 0.042188 0.037109
2 0.214844 0.518555 0.123438 0.119141
2 0.113281 0.534180 0.135937 0.146484
2 0.034375 0.541016 0.065625 0.207031
2 0.382812 0.462891 0.059375 0.050781
2 0.528125 0.473633 0.018750 0.025391
2 0.541406 0.472656 0.020313 0.027344
2 0.657813 0.526367 0.059375 0.119141