0 0.601562 0.480469 0.021875 0.097656
0 0.575000 0.497070 0.034375 0.099609
0 0.633594 0.507812 0.082812 0.156250
2 0.920312 0.627930 0.156250 0.369141
2 0.742969 0.540039 0.135937 0.138672
2 0.385156 0.477539 0.070312 0.056641
2 0.215625 0.446289 0.087500 0.064453
2 0.280469 0.495117 0.101562 0.103516
2 0.150781 0.531250 0.195312 0.156250
0 0.389062 0.441406 0.018750 0.019531
2 0.419531 0.473633 0.035937 0.041016
2 0.434375 0.462891 0.034375 0.050781
2 0.455469 0.459961 0.023438 0.041016
2 0.476562 0.455078 0.028125 0.035156
2 0.491406 0.447266 0.023438 0.027344
2 0.695312 0.464844 0.046875 0.050781
2 0.721875 0.458008 0.037500 0.041016
2 0.776563 0.462891 0.046875 0.046875