2 0.984375 0.424805 0.028125 0.060547
0 0.914062 0.391602 0.018750 0.037109
0 0.885156 0.395508 0.020313 0.041016
2 0.924219 0.427734 0.051562 0.062500
0 0.822656 0.463867 0.045312 0.177734
2 0.728906 0.446289 0.051562 0.068359
2 0.727344 0.393555 0.070312 0.037109
0 0.657813 0.462891 0.046875 0.121094
2 0.568750 0.437500 0.037500 0.050781
2 0.521094 0.434570 0.029687 0.044922
2 0.342969 0.442383 0.032813 0.037109
2 0.320312 0.439453 0.025000 0.031250
2 0.298438 0.440430 0.028125 0.029297
2 0.266406 0.417969 0.035937 0.027344
2 0.267188 0.444336 0.031250 0.025391
2 0.246094 0.446289 0.026562 0.033203
2 0.210938 0.452148 0.062500 0.072266
2 0.098437 0.467773 0.156250 0.146484
2 0.013281 0.457031 0.023438 0.078125