0 0.146094 0.476562 0.048438 0.128906
0 0.280469 0.471680 0.023438 0.095703
0 0.392188 0.488281 0.043750 0.156250
2 0.028906 0.482422 0.057813 0.117188
2 0.064844 0.475586 0.051562 0.087891
2 0.330469 0.472656 0.079687 0.082031
2 0.438281 0.449219 0.070312 0.039062
2 0.442188 0.495117 0.065625 0.095703
2 0.498437 0.484375 0.087500 0.121094
2 0.524219 0.492188 0.073438 0.132812
2 0.740625 0.470703 0.409375 0.289062
2 0.250000 0.469727 0.037500 0.056641
2 0.187500 0.463867 0.040625 0.044922
2 0.217969 0.464844 0.032813 0.046875