1 0.909375 0.715820 0.103125 0.271484
0 0.466406 0.564453 0.107813 0.261719
0 0.532031 0.480469 0.032813 0.113281
0 0.453125 0.465820 0.031250 0.064453
0 0.424219 0.474609 0.032813 0.085938
0 0.681250 0.559570 0.093750 0.294922
0 0.743750 0.530273 0.043750 0.228516
0 0.782031 0.521484 0.045312 0.222656
0 0.885156 0.602539 0.145313 0.451172
0 0.982031 0.543945 0.032813 0.302734
2 0.346875 0.484375 0.068750 0.070312
2 0.650000 0.471680 0.096875 0.083984
0 0.144531 0.452148 0.014063 0.037109
0 0.132812 0.451172 0.015625 0.031250
2 0.225781 0.456055 0.020313 0.029297
0 0.215625 0.457031 0.018750 0.035156
0 0.928906 0.453125 0.051562 0.132812
2 0.561719 0.487305 0.023438 0.044922