2 0.163281 0.508789 0.160938 0.142578
1 0.550781 0.592773 0.035937 0.181641
1 0.439844 0.590820 0.029687 0.173828
1 0.337500 0.517578 0.015625 0.074219
1 0.853906 0.561523 0.042188 0.208984
1 0.946875 0.561523 0.071875 0.205078
1 0.685156 0.537109 0.039062 0.132812
0 0.687500 0.453125 0.018750 0.035156
0 0.718750 0.446289 0.021875 0.017578
0 0.898438 0.440430 0.018750 0.021484
0 0.878125 0.438477 0.015625 0.021484
1 0.780469 0.572266 0.107813 0.210938
1 0.646875 0.502930 0.034375 0.095703
1 0.618750 0.503906 0.028125 0.101562
0 0.547656 0.422852 0.067187 0.169922
0 0.471094 0.461914 0.010937 0.037109
0 0.430469 0.441406 0.057813 0.144531
0 0.337500 0.458008 0.028125 0.060547
1 0.893750 0.595703 0.040625 0.125000