2 0.104688 0.514648 0.159375 0.146484
2 0.041406 0.550781 0.082812 0.144531
2 0.261719 0.499023 0.095312 0.076172
2 0.305469 0.479492 0.067187 0.064453
0 0.378906 0.471680 0.020313 0.060547
2 0.839844 0.511719 0.154688 0.164062
2 0.807813 0.455078 0.084375 0.070312
2 0.722656 0.455078 0.095312 0.066406
2 0.491406 0.460938 0.032813 0.031250
2 0.338281 0.477539 0.026562 0.060547
2 0.357812 0.475586 0.034375 0.044922
2 0.401562 0.469727 0.034375 0.033203
0 0.442188 0.461914 0.018750 0.041016
0 0.517188 0.457031 0.012500 0.031250
0 0.525781 0.458984 0.010937 0.035156
2 0.538281 0.459961 0.023438 0.029297
2 0.648438 0.461914 0.043750 0.052734