1 0.117188 0.499023 0.046875 0.091797
1 0.025000 0.602539 0.043750 0.166016
0 0.038281 0.534180 0.073438 0.240234
0 0.425781 0.472656 0.032813 0.074219
0 0.460938 0.467773 0.031250 0.076172
0 0.857031 0.498047 0.029687 0.113281
0 0.835156 0.496094 0.029687 0.117188
0 0.767969 0.459961 0.020313 0.068359
0 0.731250 0.471680 0.018750 0.052734
0 0.789844 0.483398 0.029687 0.083984
2 0.906250 0.734375 0.184375 0.511719
2 0.601562 0.470703 0.040625 0.042969
0 0.481250 0.458984 0.015625 0.042969
0 0.491406 0.459961 0.014063 0.041016
0 0.222656 0.454102 0.026562 0.064453
2 0.548438 0.457031 0.021875 0.023438
1 0.164062 0.520508 0.046875 0.056641
1 0.199219 0.488281 0.020313 0.050781
0 0.251563 0.458008 0.018750 0.060547
1 0.682813 0.533203 0.025000 0.042969
0 0.716406 0.461914 0.014063 0.041016