0 0.249219 0.463867 0.029687 0.044922
2 0.160938 0.492188 0.115625 0.097656
2 0.270313 0.525391 0.131250 0.105469
2 0.365625 0.473633 0.075000 0.064453
2 0.650781 0.496094 0.054688 0.097656
2 0.714844 0.508789 0.142187 0.138672
2 0.747656 0.544922 0.151562 0.121094
2 0.765625 0.576172 0.140625 0.148438
2 0.864062 0.638672 0.259375 0.234375
2 0.617969 0.485352 0.035937 0.076172
2 0.600000 0.479492 0.031250 0.060547
2 0.589063 0.469727 0.031250 0.041016
2 0.575000 0.469727 0.021875 0.041016
2 0.540625 0.453125 0.021875 0.027344
2 0.552344 0.460938 0.026562 0.039062
2 0.417187 0.441406 0.018750 0.031250
2 0.296094 0.459961 0.035937 0.044922
2 0.023438 0.531250 0.046875 0.093750