2 0.882031 0.568359 0.232813 0.246094
2 0.695312 0.505859 0.171875 0.152344
2 0.628125 0.481445 0.115625 0.130859
2 0.575000 0.488281 0.031250 0.078125
2 0.552344 0.486328 0.035937 0.062500
1 0.221875 0.509766 0.028125 0.050781
2 0.007812 0.538086 0.015625 0.111328
2 0.049219 0.522461 0.098437 0.115234
2 0.064062 0.469727 0.128125 0.072266
2 0.495312 0.461914 0.040625 0.044922
2 0.473438 0.461914 0.015625 0.037109
2 0.460938 0.461914 0.018750 0.029297
2 0.449219 0.464844 0.020313 0.023438
2 0.435156 0.460938 0.020313 0.023438
2 0.395313 0.460938 0.021875 0.023438
2 0.376563 0.465820 0.021875 0.025391
2 0.356250 0.463867 0.021875 0.029297
2 0.325781 0.466797 0.045312 0.039062
0 0.223438 0.459961 0.031250 0.056641