0 0.045312 0.498047 0.059375 0.164062
0 0.113281 0.490234 0.051562 0.160156
0 0.160938 0.480469 0.053125 0.132812
0 0.232813 0.463867 0.037500 0.091797
2 0.189062 0.470703 0.053125 0.085938
2 0.547656 0.468750 0.076563 0.082031
1 0.237500 0.508789 0.034375 0.056641
2 0.022656 0.466797 0.045312 0.070312
1 0.045312 0.545898 0.071875 0.076172
1 0.116406 0.539062 0.035937 0.078125
1 0.156250 0.512695 0.025000 0.072266
2 0.314063 0.461914 0.031250 0.033203
0 0.290625 0.470703 0.025000 0.054688
1 0.291406 0.494141 0.020313 0.035156
2 0.508594 0.466797 0.020313 0.046875
2 0.501563 0.462891 0.021875 0.039062