0 0.316406 0.473633 0.023438 0.083984
0 0.406250 0.462891 0.021875 0.062500
2 0.689063 0.503906 0.053125 0.085938
2 0.746094 0.523438 0.132812 0.125000
2 0.936719 0.697266 0.123438 0.339844
2 0.684375 0.483398 0.071875 0.076172
2 0.651563 0.468750 0.040625 0.046875
1 0.042969 0.520508 0.070312 0.083984
1 0.132031 0.522461 0.048438 0.115234
0 0.419531 0.473633 0.020313 0.060547
0 0.438281 0.463867 0.014063 0.044922
0 0.450781 0.461914 0.014063 0.041016
0 0.479687 0.460938 0.012500 0.039062
0 0.493750 0.458984 0.012500 0.039062
0 0.256250 0.447266 0.021875 0.042969
1 0.274219 0.507812 0.035937 0.070312
1 0.171094 0.537109 0.023438 0.058594
1 0.198437 0.534180 0.031250 0.060547