2 0.629687 0.499023 0.134375 0.134766
2 0.900000 0.524414 0.196875 0.130859
2 0.235937 0.508789 0.112500 0.091797
2 0.226562 0.451172 0.075000 0.046875
2 0.289844 0.486328 0.048438 0.062500
2 0.310937 0.475586 0.043750 0.056641
0 0.692969 0.467773 0.026562 0.072266
2 0.827344 0.454102 0.129688 0.076172
2 0.513281 0.447266 0.026562 0.031250
2 0.338281 0.468750 0.026562 0.050781
2 0.353906 0.457031 0.029687 0.039062
2 0.364844 0.450195 0.032813 0.041016
2 0.403125 0.434570 0.028125 0.025391
2 0.398438 0.444336 0.018750 0.025391