2 0.926562 0.427734 0.075000 0.085938
2 0.743750 0.431641 0.046875 0.039062
0 0.079687 0.427734 0.034375 0.070312
0 0.104688 0.456055 0.065625 0.130859
1 0.064844 0.498047 0.035937 0.062500
1 0.105469 0.497070 0.067187 0.060547
1 0.183594 0.496094 0.048438 0.058594
0 0.189062 0.455078 0.034375 0.097656
1 0.260156 0.492188 0.045312 0.042969
0 0.256250 0.450195 0.028125 0.076172
0 0.348438 0.438477 0.028125 0.056641
0 0.322656 0.449219 0.032813 0.113281
0 0.560156 0.430664 0.032813 0.076172
0 0.526563 0.432617 0.028125 0.060547
0 0.489844 0.441406 0.032813 0.074219
2 0.040625 0.421875 0.053125 0.042969
2 0.173437 0.418945 0.153125 0.087891
1 0.448437 0.462891 0.040625 0.050781
1 0.389062 0.472656 0.040625 0.054688
0 0.385937 0.437500 0.031250 0.042969
0 0.450000 0.412109 0.031250 0.054688
0 0.299219 0.433594 0.032813 0.050781
1 0.296094 0.486328 0.026562 0.046875
1 0.484375 0.464844 0.025000 0.039062