0 0.681250 0.482422 0.053125 0.140625
0 0.320312 0.469727 0.053125 0.146484
0 0.199219 0.453125 0.035937 0.125000
0 0.164062 0.456055 0.037500 0.107422
0 0.090625 0.458984 0.037500 0.101562
1 0.325000 0.515625 0.040625 0.089844
1 0.196094 0.493164 0.029687 0.072266
1 0.161719 0.492188 0.029687 0.066406
1 0.098437 0.502930 0.040625 0.064453
2 0.476562 0.469727 0.090625 0.091797
2 0.453906 0.444336 0.073438 0.083984
2 0.396094 0.416992 0.032813 0.037109
2 0.229687 0.406250 0.043750 0.066406
2 0.021875 0.416992 0.043750 0.076172