0 0.928906 0.527344 0.035937 0.132812
0 0.909375 0.514648 0.018750 0.119141
0 0.898438 0.523438 0.021875 0.125000
0 0.868750 0.521484 0.031250 0.128906
0 0.842969 0.522461 0.023438 0.123047
0 0.808594 0.518555 0.020313 0.087891
0 0.782031 0.521484 0.020313 0.109375
0 0.760938 0.521484 0.021875 0.089844
0 0.744531 0.517578 0.020313 0.078125
0 0.725000 0.525391 0.018750 0.097656
0 0.710938 0.512695 0.012500 0.068359
0 0.700000 0.509766 0.012500 0.066406
0 0.665625 0.496094 0.012500 0.062500
0 0.656250 0.488281 0.009375 0.050781
0 0.649219 0.488281 0.010937 0.050781
0 0.589844 0.486328 0.014063 0.050781
0 0.568750 0.463867 0.009375 0.029297
0 0.633594 0.494141 0.017188 0.058594
0 0.975781 0.520508 0.039062 0.146484
2 0.385937 0.468750 0.031250 0.031250
0 0.386719 0.481445 0.010937 0.029297
0 0.377344 0.487305 0.010937 0.041016
2 0.455469 0.466797 0.073438 0.023438
2 0.404687 0.542969 0.071875 0.117188
2 0.357031 0.495117 0.026562 0.052734
2 0.333594 0.491211 0.020313 0.041016
2 0.310156 0.498047 0.042188 0.050781
2 0.496875 0.553711 0.156250 0.154297
0 0.228125 0.491211 0.012500 0.052734
0 0.209375 0.494141 0.015625 0.054688
0 0.186719 0.496094 0.014063 0.058594
0 0.142969 0.487305 0.017188 0.037109
0 0.135156 0.486328 0.014063 0.031250
0 0.104688 0.537109 0.028125 0.074219
2 0.071875 0.520508 0.103125 0.080078
0 0.535156 0.461914 0.014063 0.029297
0 0.800000 0.458984 0.012500 0.035156
0 0.738281 0.461914 0.010937 0.029297
0 0.678906 0.488281 0.017188 0.062500
0 0.557031 0.464844 0.014063 0.027344
2 0.406250 0.460938 0.021875 0.023438
2 0.437500 0.441406 0.015625 0.019531