2 0.955469 0.561523 0.085938 0.302734
2 0.875781 0.543945 0.167187 0.193359
2 0.841406 0.499023 0.204687 0.205078
0 0.700000 0.519531 0.037500 0.187500
2 0.650781 0.486328 0.079687 0.097656
2 0.579688 0.498047 0.081250 0.078125
2 0.465625 0.492188 0.121875 0.156250
0 0.360156 0.506836 0.067187 0.201172
1 0.364063 0.587891 0.056250 0.105469
2 0.219531 0.514648 0.045312 0.076172
2 0.100000 0.536133 0.200000 0.181641
2 0.300000 0.482422 0.050000 0.074219
2 0.122656 0.433594 0.142187 0.046875
2 0.656250 0.519531 0.062500 0.125000
2 0.236719 0.494141 0.129688 0.125000