2 0.077344 0.625000 0.154688 0.269531
2 0.190625 0.564453 0.121875 0.140625
2 0.372656 0.470703 0.060937 0.066406
2 0.591406 0.481445 0.054688 0.056641
2 0.633594 0.501953 0.060937 0.070312
2 0.662500 0.525391 0.093750 0.093750
2 0.728125 0.544922 0.131250 0.109375
2 0.787500 0.592773 0.212500 0.193359
2 0.902344 0.739258 0.185938 0.427734
2 0.409375 0.462891 0.018750 0.042969
2 0.419531 0.458008 0.026562 0.037109
0 0.439063 0.451172 0.018750 0.046875
0 0.467187 0.449219 0.018750 0.039062
0 0.496875 0.447266 0.018750 0.042969
0 0.525781 0.448242 0.020313 0.037109
2 0.560937 0.450195 0.046875 0.044922