2 0.510938 0.519531 0.218750 0.207031
2 0.864844 0.490234 0.032813 0.054688
1 0.195312 0.516602 0.025000 0.072266
1 0.330469 0.501953 0.023438 0.058594
1 0.979688 0.549805 0.037500 0.103516
1 0.755469 0.506836 0.035937 0.119141
1 0.826562 0.504883 0.046875 0.115234
0 0.239844 0.460938 0.020313 0.066406
0 0.221875 0.456055 0.025000 0.056641
0 0.399219 0.470703 0.017188 0.062500
0 0.164062 0.452148 0.012500 0.056641
1 0.721875 0.513672 0.034375 0.070312
0 0.332031 0.448242 0.023438 0.052734
0 0.187500 0.447266 0.034375 0.070312
0 0.111719 0.462891 0.017188 0.070312