0 0.910937 0.505859 0.021875 0.101562
0 0.891406 0.501953 0.026562 0.113281
0 0.869531 0.500000 0.026562 0.109375
0 0.852344 0.500977 0.029687 0.115234
0 0.707812 0.468750 0.028125 0.082031
0 0.389062 0.465820 0.031250 0.056641
0 0.303125 0.454102 0.018750 0.052734
2 0.554688 0.458984 0.028125 0.031250
1 0.392188 0.483398 0.021875 0.044922
0 0.663281 0.450195 0.029687 0.044922
0 0.734375 0.460938 0.018750 0.078125
0 0.315625 0.457031 0.018750 0.058594
0 0.340625 0.456055 0.012500 0.048828
0 0.495312 0.452148 0.012500 0.025391
0 0.481250 0.452148 0.012500 0.025391