2 0.600781 0.480469 0.085938 0.074219
2 0.552344 0.460938 0.054688 0.070312
2 0.526563 0.432617 0.028125 0.033203
2 0.492188 0.409180 0.040625 0.037109
2 0.481250 0.379883 0.031250 0.025391
2 0.457813 0.379883 0.018750 0.025391
0 0.498437 0.492188 0.056250 0.148438
2 0.378906 0.382812 0.026562 0.031250
2 0.359375 0.398438 0.018750 0.031250
2 0.350000 0.410156 0.018750 0.035156
2 0.335156 0.418945 0.023438 0.041016
2 0.322656 0.430664 0.026562 0.041016
2 0.297656 0.441406 0.054688 0.046875
2 0.216406 0.472656 0.089063 0.082031
2 0.086719 0.440430 0.076563 0.064453
2 0.030469 0.443359 0.029687 0.062500