0 0.088281 0.419922 0.023438 0.078125
0 0.123438 0.418945 0.028125 0.083984
2 0.171875 0.418945 0.096875 0.095703
2 0.245312 0.440430 0.093750 0.095703
2 0.478906 0.421875 0.070312 0.058594
2 0.659375 0.443359 0.081250 0.085938
0 0.916406 0.413086 0.035937 0.099609
0 0.970313 0.411133 0.046875 0.126953
2 0.239844 0.387695 0.035937 0.033203
2 0.778125 0.396484 0.065625 0.054688
0 0.726562 0.379883 0.021875 0.041016
0 0.698438 0.379883 0.021875 0.041016
2 0.853125 0.401367 0.059375 0.060547
2 0.283594 0.396484 0.029687 0.046875
2 0.454688 0.405273 0.053125 0.052734
2 0.428125 0.400391 0.028125 0.039062
2 0.367188 0.388672 0.018750 0.023438
2 0.303125 0.397461 0.021875 0.033203
2 0.749219 0.421875 0.095312 0.050781