0 0.732031 0.458984 0.020313 0.074219
0 0.754687 0.465820 0.021875 0.064453
0 0.693750 0.467773 0.021875 0.064453
0 0.505469 0.479492 0.023438 0.076172
0 0.484375 0.478516 0.028125 0.078125
0 0.461719 0.474609 0.023438 0.085938
0 0.191406 0.465820 0.029687 0.056641
0 0.232031 0.447266 0.026562 0.027344
2 0.871875 0.462891 0.078125 0.042969
2 0.925781 0.461914 0.032813 0.052734
2 0.542188 0.472656 0.056250 0.054688
2 0.382812 0.500000 0.131250 0.089844
2 0.232031 0.515625 0.173437 0.113281
2 0.073438 0.531250 0.146875 0.132812
0 0.444531 0.458984 0.020313 0.046875
0 0.427344 0.458008 0.020313 0.037109
0 0.407031 0.448242 0.020313 0.021484