2 0.125781 0.525391 0.048438 0.105469
2 0.060937 0.528320 0.031250 0.130859
2 0.157031 0.495117 0.132812 0.158203
2 0.266406 0.457031 0.085938 0.062500
2 0.290625 0.509766 0.171875 0.136719
2 0.575000 0.483398 0.031250 0.068359
2 0.784375 0.487305 0.040625 0.087891
2 0.689063 0.527344 0.181250 0.199219
0 0.392188 0.471680 0.018750 0.056641
0 0.410938 0.475586 0.025000 0.044922
0 0.521875 0.455078 0.018750 0.066406
0 0.547656 0.494141 0.051562 0.152344
0 0.085156 0.527344 0.057813 0.195312
0 0.032031 0.533203 0.060937 0.191406
2 0.602344 0.500977 0.054688 0.126953
2 0.480469 0.468750 0.032813 0.027344