0 0.276562 0.468750 0.025000 0.058594
0 0.808594 0.493164 0.035937 0.103516
0 0.778906 0.493164 0.029687 0.103516
0 0.571875 0.477539 0.025000 0.064453
0 0.538281 0.470703 0.023438 0.074219
2 0.382031 0.474609 0.057813 0.058594
2 0.960938 0.499023 0.068750 0.052734
2 0.975000 0.521484 0.043750 0.054688
2 0.957812 0.470703 0.071875 0.058594
2 0.933594 0.463867 0.085938 0.041016
2 0.685937 0.452148 0.043750 0.037109
2 0.471094 0.447266 0.032813 0.031250
0 0.319531 0.456055 0.020313 0.056641
0 0.603125 0.475586 0.025000 0.068359