0 0.635156 0.512695 0.045312 0.154297
0 0.668750 0.483398 0.021875 0.072266
1 0.635938 0.560547 0.025000 0.089844
2 0.360156 0.489258 0.082812 0.072266
2 0.456250 0.467773 0.031250 0.029297
2 0.523438 0.468750 0.040625 0.027344
2 0.164844 0.465820 0.060937 0.044922
2 0.092188 0.470703 0.050000 0.054688
2 0.040625 0.471680 0.071875 0.064453
0 0.234375 0.470703 0.015625 0.054688
0 0.260156 0.469727 0.020313 0.056641
0 0.276562 0.458008 0.018750 0.044922
0 0.289062 0.459961 0.018750 0.052734
0 0.300781 0.462891 0.017188 0.050781
2 0.398438 0.470703 0.021875 0.027344
2 0.428125 0.461914 0.021875 0.025391
0 0.595313 0.470703 0.015625 0.042969