0 0.418750 0.478516 0.025000 0.070312
0 0.442188 0.469727 0.031250 0.091797
0 0.624219 0.464844 0.023438 0.085938
0 0.595313 0.465820 0.025000 0.072266
2 0.834375 0.470703 0.028125 0.066406
2 0.925000 0.445312 0.146875 0.136719
2 0.952344 0.492188 0.092188 0.125000
2 0.808594 0.466797 0.057813 0.070312
0 0.170313 0.483398 0.021875 0.052734
0 0.479687 0.458008 0.012500 0.044922
0 0.128125 0.488281 0.018750 0.031250
0 0.673438 0.430664 0.021875 0.029297
2 0.644531 0.446289 0.026562 0.025391
2 0.729688 0.456055 0.034375 0.060547