0 0.421875 0.464844 0.025000 0.074219
0 0.389844 0.464844 0.023438 0.066406
2 0.589063 0.477539 0.059375 0.056641
2 0.283594 0.469727 0.089063 0.083984
2 0.345313 0.473633 0.043750 0.056641
0 0.496094 0.453125 0.014063 0.023438
0 0.105469 0.464844 0.020313 0.042969
0 0.060156 0.460938 0.026562 0.039062
0 0.012500 0.453125 0.021875 0.023438
0 0.038281 0.452148 0.023438 0.025391
1 0.187500 0.513672 0.021875 0.050781
1 0.169531 0.513672 0.020313 0.046875
1 0.054688 0.538086 0.028125 0.072266
1 0.078125 0.534180 0.021875 0.068359
1 0.960938 0.708008 0.059375 0.126953
1 0.931250 0.679688 0.056250 0.121094