0 0.968750 0.384766 0.021875 0.035156
2 0.978125 0.423828 0.040625 0.066406
0 0.872656 0.470703 0.073438 0.269531
2 0.791406 0.445312 0.085938 0.089844
2 0.795312 0.381836 0.090625 0.037109
0 0.571875 0.488281 0.043750 0.171875
2 0.540625 0.441406 0.028125 0.078125
2 0.482812 0.445312 0.040625 0.054688
0 0.334375 0.456055 0.018750 0.068359
0 0.340625 0.444336 0.012500 0.056641
2 0.264844 0.448242 0.035937 0.041016
2 0.234375 0.450195 0.025000 0.029297
2 0.211719 0.451172 0.026562 0.027344
2 0.133594 0.458008 0.054688 0.060547
2 0.045312 0.464844 0.087500 0.113281