1 0.225000 0.523438 0.103125 0.054688
2 0.949219 0.604492 0.098437 0.224609
2 0.539062 0.463867 0.068750 0.080078
2 0.496094 0.460938 0.032813 0.054688
2 0.347656 0.468750 0.042188 0.039062
2 0.277344 0.471680 0.023438 0.056641
2 0.473438 0.460938 0.021875 0.035156
2 0.456250 0.458984 0.021875 0.027344
2 0.435156 0.458984 0.020313 0.023438
2 0.390625 0.458984 0.025000 0.023438
2 0.375000 0.459961 0.018750 0.025391
2 0.320312 0.464844 0.025000 0.042969
2 0.298438 0.467773 0.028125 0.056641
2 0.249219 0.470703 0.032813 0.046875
0 0.219531 0.464844 0.035937 0.082031
2 0.189844 0.468750 0.023438 0.042969
2 0.146875 0.462891 0.031250 0.046875
2 0.113281 0.459961 0.029687 0.041016
2 0.086719 0.456055 0.029687 0.044922
2 0.060156 0.461914 0.035937 0.052734