2 0.757812 0.484375 0.150000 0.109375
2 0.814063 0.681641 0.353125 0.292969
2 0.671875 0.562500 0.153125 0.132812
2 0.629687 0.529297 0.109375 0.105469
2 0.337500 0.469727 0.043750 0.041016
2 0.317188 0.461914 0.028125 0.037109
2 0.158594 0.493164 0.085938 0.076172
2 0.103125 0.486328 0.096875 0.078125
2 0.080469 0.569336 0.151562 0.138672
2 0.015625 0.617188 0.031250 0.109375
1 0.848437 0.515625 0.034375 0.054688
1 0.898438 0.527344 0.031250 0.054688
1 0.367969 0.501953 0.020313 0.035156
0 0.364063 0.472656 0.021875 0.054688
0 0.251563 0.465820 0.018750 0.044922
0 0.239844 0.464844 0.020313 0.046875
0 0.569531 0.458008 0.020313 0.056641
0 0.534375 0.444336 0.018750 0.029297