2 0.943750 0.529297 0.106250 0.289062
2 0.846094 0.515625 0.235937 0.250000
0 0.728906 0.545898 0.082812 0.306641
2 0.681250 0.527344 0.037500 0.160156
0 0.635156 0.516602 0.048438 0.236328
2 0.582812 0.510742 0.059375 0.115234
2 0.536719 0.496094 0.032813 0.066406
2 0.500000 0.489258 0.040625 0.060547
2 0.476562 0.476562 0.018750 0.042969
2 0.405469 0.495117 0.142187 0.181641
2 0.332813 0.474609 0.018750 0.042969
2 0.317969 0.478516 0.032813 0.050781
2 0.300781 0.479492 0.032813 0.060547
2 0.279687 0.489258 0.043750 0.072266
2 0.247656 0.493164 0.054688 0.099609
2 0.111719 0.492188 0.223438 0.265625
2 0.039844 0.566406 0.079687 0.234375