0 0.200781 0.492188 0.035937 0.109375
0 0.230469 0.494141 0.045312 0.113281
2 0.040625 0.520508 0.081250 0.115234
2 0.060937 0.499023 0.112500 0.115234
2 0.112500 0.482422 0.075000 0.078125
2 0.647656 0.492188 0.095312 0.085938
2 0.764062 0.489258 0.171875 0.107422
2 0.857031 0.500000 0.132812 0.121094
2 0.908594 0.518555 0.179688 0.158203
2 0.957812 0.561523 0.081250 0.119141
2 0.460938 0.466797 0.031250 0.035156
2 0.160156 0.478516 0.039062 0.074219
2 0.609375 0.482422 0.090625 0.078125
2 0.611719 0.487305 0.060937 0.072266