2 0.185938 0.433594 0.075000 0.066406
0 0.240625 0.423828 0.021875 0.066406
0 0.285156 0.465820 0.051562 0.150391
0 0.323437 0.488281 0.046875 0.156250
0 0.376563 0.488281 0.056250 0.167969
0 0.412500 0.485352 0.043750 0.150391
0 0.470313 0.504883 0.050000 0.177734
0 0.506250 0.481445 0.037500 0.138672
0 0.546875 0.500977 0.046875 0.197266
0 0.592969 0.509766 0.057813 0.171875
0 0.784375 0.518555 0.106250 0.212891
2 0.619531 0.465820 0.054688 0.080078
0 0.820312 0.510742 0.059375 0.197266
0 0.260156 0.416992 0.023438 0.072266
2 0.857031 0.430664 0.076563 0.029297
2 0.908594 0.441406 0.085938 0.023438
2 0.689063 0.447266 0.075000 0.042969