0 0.185938 0.554688 0.059375 0.167969
0 0.439844 0.455078 0.020313 0.050781
0 0.488281 0.453125 0.023438 0.062500
0 0.529687 0.458984 0.034375 0.054688
2 0.851562 0.645508 0.290625 0.248047
2 0.720313 0.564453 0.156250 0.140625
2 0.682813 0.512695 0.118750 0.119141
2 0.614062 0.473633 0.078125 0.091797
2 0.360938 0.471680 0.037500 0.052734
2 0.327344 0.486328 0.073438 0.066406
2 0.242969 0.528320 0.085938 0.115234
2 0.115625 0.471680 0.106250 0.072266
2 0.077344 0.603516 0.151562 0.289062
2 0.383594 0.462891 0.026562 0.046875
2 0.391406 0.453125 0.035937 0.054688
2 0.415625 0.451172 0.021875 0.035156
1 0.183594 0.624023 0.054688 0.146484