2 0.732812 0.546875 0.171875 0.152344
2 0.652344 0.521484 0.070312 0.097656
2 0.613281 0.481445 0.060937 0.076172
2 0.920312 0.699219 0.153125 0.320312
2 0.553906 0.461914 0.029687 0.033203
2 0.371875 0.474609 0.065625 0.054688
2 0.250781 0.476562 0.117188 0.066406
2 0.432812 0.462891 0.034375 0.035156
1 0.221875 0.487305 0.050000 0.056641
2 0.401562 0.469727 0.025000 0.044922
0 0.470313 0.456055 0.012500 0.029297
0 0.518750 0.458008 0.012500 0.029297
0 0.528906 0.458008 0.010937 0.037109
2 0.578906 0.475586 0.032813 0.060547