2 0.929688 0.432617 0.093750 0.119141
2 0.840625 0.452148 0.050000 0.076172
0 0.799219 0.462891 0.032813 0.156250
0 0.765625 0.453125 0.034375 0.085938
0 0.728125 0.442383 0.031250 0.087891
0 0.696875 0.478516 0.012500 0.128906
0 0.639062 0.451172 0.021875 0.089844
0 0.586719 0.466797 0.017188 0.082031
0 0.575781 0.464844 0.010937 0.082031
2 0.455469 0.461914 0.026562 0.029297
2 0.445312 0.453125 0.012500 0.019531
2 0.428125 0.453125 0.012500 0.015625
2 0.403906 0.456055 0.014063 0.021484
2 0.386719 0.456055 0.010937 0.021484
2 0.375781 0.459961 0.010937 0.021484
2 0.364844 0.463867 0.014063 0.021484
2 0.351562 0.467773 0.021875 0.029297
2 0.335156 0.469727 0.020313 0.029297
2 0.297656 0.472656 0.064062 0.058594
0 0.035156 0.482422 0.020313 0.074219