1 0.274219 0.528320 0.045312 0.099609
0 0.960156 0.522461 0.042188 0.126953
0 0.985938 0.519531 0.025000 0.125000
0 0.458594 0.476562 0.029687 0.089844
0 0.365625 0.475586 0.025000 0.095703
0 0.327344 0.470703 0.023438 0.078125
0 0.224219 0.462891 0.023438 0.082031
0 0.275781 0.498047 0.035937 0.148438
2 0.553906 0.475586 0.054688 0.056641
0 0.392188 0.458008 0.025000 0.064453
0 0.252344 0.464844 0.023438 0.085938
0 0.377344 0.482422 0.020313 0.085938
2 0.428125 0.468750 0.043750 0.054688
2 0.205469 0.460938 0.023438 0.046875
2 0.730469 0.454102 0.060937 0.041016
2 0.759375 0.465820 0.090625 0.044922
2 0.609375 0.459961 0.053125 0.029297