2 0.934375 0.463867 0.075000 0.103516
2 0.904687 0.441406 0.146875 0.125000
2 0.744531 0.438477 0.060937 0.072266
2 0.482031 0.432617 0.082812 0.064453
2 0.530469 0.435547 0.026562 0.050781
2 0.557031 0.437500 0.032813 0.039062
2 0.588281 0.430664 0.045312 0.041016
0 0.662500 0.437500 0.025000 0.078125
0 0.651563 0.428711 0.025000 0.083984
0 0.695312 0.452148 0.043750 0.115234
2 0.160938 0.422852 0.131250 0.115234
2 0.251563 0.424805 0.037500 0.095703
2 0.635156 0.428711 0.026562 0.033203
2 0.612500 0.429688 0.021875 0.035156