2 0.142969 0.422852 0.157812 0.095703
2 0.616406 0.432617 0.051562 0.037109
2 0.884375 0.428711 0.071875 0.076172
0 0.042969 0.451172 0.067187 0.113281
1 0.021094 0.502930 0.042188 0.056641
1 0.067187 0.502930 0.037500 0.056641
1 0.151562 0.495117 0.065625 0.060547
0 0.150000 0.451172 0.050000 0.105469
0 0.247656 0.438477 0.032813 0.052734
0 0.284375 0.426758 0.037500 0.068359
0 0.367969 0.436523 0.023438 0.115234
0 0.347656 0.431641 0.020313 0.046875
0 0.420312 0.424805 0.040625 0.068359
0 0.457031 0.436523 0.023438 0.072266
0 0.492188 0.440430 0.034375 0.072266
0 0.530469 0.433594 0.032813 0.085938
1 0.348438 0.471680 0.037500 0.044922
1 0.421875 0.461914 0.028125 0.041016
1 0.491406 0.458984 0.029687 0.035156
1 0.518750 0.458008 0.021875 0.044922