2 0.924219 0.544922 0.148438 0.296875
2 0.835938 0.500000 0.268750 0.265625
2 0.688281 0.504883 0.085938 0.162109
2 0.636719 0.494141 0.092188 0.105469
2 0.514844 0.461914 0.054688 0.056641
2 0.485156 0.460938 0.017188 0.042969
2 0.304688 0.469727 0.056250 0.041016
2 0.469531 0.458984 0.020313 0.031250
2 0.454688 0.458984 0.018750 0.023438
2 0.441406 0.458008 0.014063 0.017578
2 0.399219 0.458984 0.014063 0.019531
2 0.385937 0.460938 0.018750 0.027344
2 0.365625 0.460938 0.021875 0.027344
2 0.344531 0.462891 0.023438 0.035156
2 0.254688 0.458984 0.018750 0.031250
2 0.237500 0.458984 0.018750 0.027344