0 0.035156 0.458984 0.045312 0.136719
0 0.072656 0.468750 0.048438 0.117188
0 0.254688 0.418945 0.028125 0.037109
0 0.307031 0.451172 0.020313 0.058594
0 0.598437 0.455078 0.018750 0.046875
2 0.616406 0.476562 0.029687 0.066406
0 0.489063 0.454102 0.018750 0.037109
0 0.558594 0.452148 0.014063 0.029297
2 0.650000 0.489258 0.090625 0.087891
0 0.715625 0.470703 0.021875 0.054688
0 0.329688 0.457031 0.018750 0.062500
0 0.350000 0.451172 0.018750 0.046875
0 0.362500 0.453125 0.018750 0.050781
0 0.404687 0.443359 0.018750 0.031250
0 0.414062 0.446289 0.018750 0.033203
0 0.547656 0.452148 0.010937 0.029297
0 0.540625 0.454102 0.012500 0.037109
0 0.693750 0.464844 0.012500 0.054688
0 0.682031 0.453125 0.020313 0.042969
2 0.976562 0.783203 0.040625 0.332031