0 0.753906 0.445312 0.020313 0.058594
0 0.864062 0.494141 0.031250 0.082031
0 0.870313 0.509766 0.034375 0.066406
0 0.907813 0.483398 0.025000 0.060547
0 0.931250 0.485352 0.031250 0.060547
0 0.241406 0.480469 0.032813 0.078125
1 0.242188 0.513672 0.025000 0.050781
1 0.718750 0.541016 0.131250 0.093750
2 0.665625 0.498047 0.118750 0.113281
2 0.603125 0.483398 0.043750 0.068359
2 0.588281 0.469727 0.035937 0.052734
2 0.548438 0.438477 0.040625 0.044922
2 0.473438 0.446289 0.046875 0.041016
2 0.385156 0.459961 0.060937 0.064453
1 0.854688 0.578125 0.056250 0.105469