2 0.200781 0.511719 0.151562 0.105469
2 0.315625 0.488281 0.081250 0.070312
2 0.386719 0.473633 0.082812 0.076172
2 0.600000 0.490234 0.043750 0.066406
2 0.651563 0.513672 0.096875 0.101562
2 0.849219 0.621094 0.282813 0.269531
2 0.936719 0.763672 0.120313 0.332031
0 0.530469 0.463867 0.017188 0.037109
0 0.471094 0.462891 0.014063 0.035156
0 0.439063 0.455078 0.018750 0.031250
2 0.582031 0.470703 0.045312 0.046875
2 0.656250 0.451172 0.046875 0.027344
2 0.746094 0.480469 0.073438 0.062500
0 0.460938 0.461914 0.018750 0.037109