2 0.705469 0.529297 0.135937 0.140625
2 0.640625 0.517578 0.053125 0.101562
2 0.928125 0.728516 0.140625 0.351562
2 0.600781 0.478516 0.042188 0.058594
2 0.496094 0.441406 0.029687 0.031250
2 0.429688 0.452148 0.034375 0.033203
2 0.385937 0.467773 0.046875 0.044922
2 0.047656 0.513672 0.095312 0.121094
0 0.321875 0.505859 0.031250 0.097656
1 0.321094 0.533203 0.026562 0.062500
2 0.148438 0.486328 0.037500 0.078125
2 0.253906 0.458984 0.045312 0.054688
2 0.292969 0.472656 0.051562 0.054688
2 0.571094 0.463867 0.032813 0.041016
2 0.559375 0.451172 0.034375 0.042969