2 0.080469 0.585938 0.157812 0.226562
2 0.181250 0.551758 0.146875 0.146484
2 0.327344 0.519531 0.123438 0.093750
2 0.397656 0.512695 0.054688 0.068359
2 0.873437 0.609375 0.240625 0.218750
2 0.762500 0.556641 0.087500 0.125000
2 0.740625 0.536133 0.131250 0.123047
2 0.688281 0.507812 0.060937 0.085938
0 0.585938 0.490234 0.018750 0.046875
0 0.601562 0.494141 0.015625 0.039062
2 0.465625 0.500977 0.056250 0.056641
2 0.492188 0.497070 0.025000 0.052734
2 0.517188 0.496094 0.034375 0.039062
2 0.539062 0.496094 0.021875 0.031250
2 0.255469 0.498047 0.070312 0.058594
0 0.632812 0.495117 0.015625 0.041016
0 0.564063 0.494141 0.012500 0.042969
2 0.613281 0.496094 0.014063 0.023438
2 0.653906 0.499023 0.026562 0.041016