0 0.550000 0.473633 0.021875 0.060547
2 0.535156 0.458984 0.026562 0.027344
2 0.632812 0.493164 0.065625 0.076172
2 0.596875 0.485352 0.034375 0.056641
2 0.725000 0.512695 0.162500 0.181641
2 0.875781 0.593750 0.245312 0.429688
2 0.424219 0.479492 0.039062 0.041016
2 0.377344 0.481445 0.073438 0.072266
2 0.273438 0.496094 0.087500 0.113281
0 0.489063 0.461914 0.012500 0.025391
0 0.475000 0.469727 0.012500 0.041016
0 0.463281 0.467773 0.010937 0.044922
2 0.332813 0.472656 0.040625 0.050781
2 0.175000 0.516602 0.181250 0.146484
0 0.564844 0.472656 0.017188 0.054688
0 0.582812 0.481445 0.018750 0.052734