0 0.808594 0.430664 0.029687 0.103516
1 0.840625 0.465820 0.028125 0.052734
1 0.783594 0.468750 0.035937 0.046875
2 0.605469 0.409180 0.042188 0.076172
1 0.547656 0.470703 0.035937 0.050781
0 0.517188 0.439453 0.021875 0.093750
0 0.491406 0.432617 0.026562 0.083984
1 0.471094 0.476562 0.039062 0.046875
2 0.475781 0.419922 0.020313 0.031250
2 0.457813 0.427734 0.018750 0.027344
2 0.425000 0.400391 0.015625 0.019531
2 0.448437 0.400391 0.015625 0.019531
2 0.454688 0.414062 0.015625 0.019531
2 0.389062 0.391602 0.015625 0.021484
2 0.379688 0.421875 0.025000 0.042969
2 0.364063 0.431641 0.021875 0.046875
2 0.322656 0.438477 0.089063 0.091797