1 0.912500 0.752930 0.078125 0.201172
1 0.842969 0.712891 0.035937 0.152344
0 0.880469 0.633789 0.126562 0.310547
0 0.717187 0.490234 0.037500 0.109375
0 0.687500 0.495117 0.025000 0.099609
0 0.364844 0.475586 0.023438 0.056641
2 0.423438 0.477539 0.078125 0.044922
2 0.464844 0.505859 0.104688 0.074219
2 0.557813 0.529297 0.146875 0.132812
2 0.949219 0.675781 0.095312 0.242188
2 0.098437 0.468750 0.071875 0.050781
2 0.043750 0.465820 0.050000 0.044922
2 0.013281 0.467773 0.026562 0.044922
2 0.660156 0.480469 0.042188 0.039062