1 0.159375 0.517578 0.068750 0.144531
0 0.167187 0.471680 0.078125 0.181641
0 0.780469 0.421875 0.026562 0.097656
0 0.840625 0.445312 0.028125 0.132812
0 0.862500 0.443359 0.034375 0.140625
0 0.890625 0.444336 0.025000 0.154297
2 0.572656 0.424805 0.029687 0.033203
2 0.428906 0.416992 0.032813 0.044922
0 0.290625 0.407227 0.018750 0.056641
0 0.269531 0.419922 0.023438 0.058594
0 0.485156 0.412109 0.014063 0.031250
0 0.503906 0.413086 0.014063 0.029297
2 0.448437 0.415039 0.018750 0.033203
2 0.457813 0.414062 0.018750 0.031250