0 0.953125 0.450195 0.034375 0.072266
0 0.707812 0.469727 0.021875 0.072266
0 0.742188 0.467773 0.028125 0.083984
0 0.675000 0.466797 0.018750 0.062500
0 0.636719 0.462891 0.020313 0.054688
0 0.621875 0.457031 0.015625 0.046875
0 0.611719 0.462891 0.010937 0.035156
0 0.601562 0.460938 0.012500 0.046875
0 0.589063 0.458984 0.015625 0.042969
0 0.525000 0.460938 0.009375 0.031250
2 0.431250 0.474609 0.062500 0.082031
2 0.392969 0.468750 0.020313 0.027344
2 0.363281 0.468750 0.020313 0.031250
2 0.380469 0.468750 0.020313 0.031250
2 0.340625 0.472656 0.040625 0.039062
2 0.240625 0.498047 0.115625 0.105469