2 0.171094 0.549805 0.179688 0.166016
2 0.278125 0.519531 0.075000 0.113281
2 0.323437 0.494141 0.043750 0.066406
2 0.346094 0.483398 0.054688 0.068359
2 0.471875 0.461914 0.043750 0.041016
2 0.685156 0.543945 0.182812 0.201172
2 0.786719 0.650391 0.264062 0.253906
2 0.885156 0.793945 0.226562 0.408203
2 0.512500 0.446289 0.031250 0.033203
2 0.375000 0.484375 0.021875 0.046875
2 0.384375 0.473633 0.034375 0.052734
2 0.396875 0.470703 0.025000 0.050781
2 0.414062 0.466797 0.018750 0.035156
2 0.605469 0.491211 0.048438 0.068359
2 0.581250 0.492188 0.028125 0.058594
2 0.636719 0.436523 0.060937 0.025391
2 0.560937 0.463867 0.040625 0.052734
0 0.523438 0.458984 0.018750 0.046875