1 0.764844 0.759766 0.067187 0.183594
0 0.760156 0.629883 0.092188 0.263672
2 0.097656 0.578125 0.195312 0.167969
2 0.094531 0.490234 0.098437 0.070312
2 0.200781 0.533203 0.104688 0.113281
2 0.653125 0.524414 0.118750 0.107422
2 0.598437 0.483398 0.078125 0.083984
2 0.304688 0.493164 0.075000 0.064453
2 0.355469 0.464844 0.048438 0.046875
2 0.389844 0.460938 0.035937 0.039062
2 0.477344 0.440430 0.035937 0.033203
2 0.723437 0.465820 0.053125 0.060547
2 0.556250 0.457031 0.043750 0.042969
2 0.539844 0.446289 0.029687 0.037109
2 0.296875 0.440430 0.046875 0.029297