2 0.764844 0.592773 0.223438 0.189453
2 0.668750 0.538086 0.118750 0.115234
2 0.647656 0.490234 0.104688 0.085938
2 0.592187 0.464844 0.065625 0.082031
2 0.540625 0.453125 0.050000 0.062500
2 0.364844 0.462891 0.042188 0.042969
2 0.333594 0.474609 0.067187 0.066406
0 0.269531 0.515625 0.045312 0.125000
0 0.431250 0.451172 0.021875 0.054688
0 0.480469 0.445312 0.020313 0.058594
2 0.232813 0.514648 0.059375 0.103516
2 0.103906 0.565430 0.204687 0.240234
1 0.267188 0.567383 0.028125 0.087891
2 0.128906 0.441406 0.076563 0.027344
2 0.385156 0.457031 0.023438 0.042969
2 0.395313 0.449219 0.040625 0.050781
2 0.496875 0.438477 0.018750 0.025391