2 0.014063 0.520508 0.028125 0.123047
2 0.046094 0.514648 0.085938 0.123047
2 0.123438 0.500977 0.109375 0.095703
2 0.187500 0.490234 0.084375 0.074219
2 0.217969 0.476562 0.110937 0.078125
2 0.287500 0.475586 0.056250 0.052734
2 0.610156 0.488281 0.079687 0.070312
2 0.714844 0.495117 0.245312 0.146484
2 0.869531 0.517578 0.251563 0.183594
2 0.919531 0.544922 0.151562 0.175781
2 0.969531 0.575195 0.054688 0.162109
2 0.557813 0.495117 0.031250 0.044922
2 0.542969 0.483398 0.054688 0.052734
0 0.356250 0.473633 0.012500 0.041016
0 0.381250 0.473633 0.015625 0.044922
2 0.727344 0.526367 0.132812 0.130859