0 0.972656 0.560547 0.051562 0.449219
2 0.928906 0.564453 0.070312 0.152344
2 0.841406 0.509766 0.232813 0.207031
2 0.711719 0.502930 0.104688 0.150391
2 0.679688 0.493164 0.115625 0.134766
2 0.647656 0.472656 0.139063 0.125000
2 0.560156 0.481445 0.039062 0.091797
2 0.536719 0.487305 0.023438 0.060547
0 0.512500 0.478516 0.021875 0.085938
0 0.489063 0.474609 0.018750 0.078125
2 0.415625 0.479492 0.121875 0.154297
2 0.346094 0.451172 0.032813 0.035156
2 0.098437 0.486328 0.196875 0.210938
2 0.035937 0.545898 0.071875 0.138672
2 0.306250 0.483398 0.096875 0.083984
2 0.217969 0.473633 0.101562 0.123047
2 0.214062 0.509766 0.059375 0.125000