1 0.057813 0.564453 0.100000 0.066406
0 0.053906 0.528320 0.054688 0.123047
0 0.427344 0.474609 0.035937 0.078125
1 0.427344 0.514648 0.026562 0.052734
0 0.789844 0.449219 0.032813 0.046875
0 0.753906 0.472656 0.029687 0.093750
0 0.658594 0.453125 0.020313 0.042969
2 0.570312 0.451172 0.050000 0.035156
2 0.642969 0.661133 0.304688 0.349609
1 0.603906 0.480469 0.070312 0.031250
2 0.514844 0.432617 0.029687 0.033203
2 0.540625 0.458008 0.028125 0.041016
0 0.989062 0.486328 0.018750 0.113281
0 0.824219 0.445312 0.023438 0.054688