2 0.977344 0.605469 0.042188 0.128906
2 0.697656 0.477539 0.057813 0.068359
2 0.682813 0.470703 0.065625 0.058594
2 0.503125 0.457031 0.031250 0.039062
2 0.080469 0.589844 0.160938 0.175781
2 0.254688 0.520508 0.093750 0.087891
2 0.299219 0.499023 0.060937 0.064453
0 0.541406 0.482422 0.020313 0.082031
0 0.525000 0.470703 0.018750 0.066406
2 0.805469 0.519531 0.123438 0.105469
2 0.330469 0.490234 0.032813 0.046875
2 0.346094 0.483398 0.032813 0.044922
2 0.371875 0.468750 0.040625 0.046875
2 0.642969 0.469727 0.045312 0.052734
0 0.426563 0.457031 0.018750 0.039062