2 0.736719 0.533203 0.129688 0.132812
2 0.864062 0.583008 0.250000 0.197266
2 0.942969 0.655273 0.104688 0.251953
2 0.642969 0.500000 0.076563 0.070312
2 0.540625 0.467773 0.034375 0.037109
2 0.381250 0.458984 0.056250 0.042969
2 0.188281 0.469727 0.151562 0.068359
2 0.060937 0.457031 0.109375 0.085938
2 0.039062 0.473633 0.075000 0.091797
0 0.353125 0.466797 0.021875 0.058594
2 0.619531 0.485352 0.057813 0.056641
2 0.594531 0.479492 0.035937 0.052734
2 0.480469 0.459961 0.023438 0.025391
2 0.307812 0.458984 0.034375 0.046875
2 0.219531 0.458984 0.085938 0.066406