1 0.767188 0.528320 0.084375 0.150391
1 0.901563 0.537109 0.093750 0.144531
1 0.279687 0.490234 0.015625 0.039062
0 0.415625 0.460938 0.015625 0.050781
0 0.642188 0.468750 0.031250 0.089844
0 0.654687 0.433594 0.015625 0.042969
2 0.061719 0.494141 0.123438 0.109375
2 0.210156 0.476562 0.079687 0.070312
2 0.255469 0.471680 0.035937 0.048828
2 0.316406 0.466797 0.029687 0.039062
2 0.330469 0.461914 0.029687 0.041016
2 0.293750 0.468750 0.018750 0.042969
1 0.852344 0.550781 0.042188 0.097656
1 0.818750 0.548828 0.025000 0.105469
0 0.278125 0.451172 0.015625 0.039062