2 0.809375 0.462891 0.056250 0.074219
2 0.880469 0.466797 0.057813 0.089844
0 0.969531 0.509766 0.045312 0.292969
0 0.932031 0.554688 0.085938 0.328125
0 0.629687 0.462891 0.031250 0.097656
0 0.653125 0.460938 0.021875 0.074219
0 0.600000 0.467773 0.021875 0.091797
0 0.090625 0.491211 0.025000 0.076172
0 0.065625 0.489258 0.021875 0.072266
2 0.727344 0.458008 0.035937 0.060547
0 0.128125 0.482422 0.021875 0.042969
0 0.111719 0.497070 0.023438 0.052734
0 0.407031 0.458984 0.010937 0.027344
0 0.401562 0.460938 0.012500 0.031250
2 0.455469 0.460938 0.035937 0.027344
0 0.578906 0.462891 0.020313 0.058594