2 0.555469 0.467773 0.067187 0.064453
0 0.589844 0.463867 0.023438 0.072266
0 0.613281 0.459961 0.023438 0.076172
0 0.052344 0.490234 0.029687 0.085938
0 0.033594 0.495117 0.026562 0.091797
0 0.942969 0.513672 0.095312 0.328125
0 0.858594 0.492188 0.060937 0.210938
0 0.792969 0.509766 0.067187 0.203125
0 0.668750 0.434570 0.018750 0.041016
0 0.151562 0.479492 0.015625 0.037109
0 0.128906 0.488281 0.020313 0.035156
0 0.632031 0.460938 0.023438 0.070312
2 0.455469 0.460938 0.035937 0.027344
0 0.387500 0.460938 0.012500 0.031250
0 0.364844 0.458984 0.010937 0.027344