1 0.582031 0.529297 0.032813 0.097656
1 0.487500 0.533203 0.018750 0.093750
1 0.453125 0.504883 0.015625 0.060547
0 0.943750 0.445312 0.034375 0.117188
0 0.978906 0.439453 0.039062 0.128906
0 0.802344 0.453125 0.020313 0.074219
0 0.078125 0.470703 0.034375 0.121094
0 0.014063 0.476562 0.028125 0.117188
2 0.251563 0.490234 0.090625 0.074219
2 0.295312 0.480469 0.034375 0.058594
2 0.312500 0.477539 0.028125 0.052734
1 0.974219 0.566406 0.048438 0.132812
1 0.693750 0.499023 0.037500 0.083984
1 0.664062 0.491211 0.028125 0.076172
1 0.626563 0.497070 0.025000 0.072266
0 0.581250 0.477539 0.040625 0.173828
0 0.538281 0.459961 0.017188 0.048828
0 0.488281 0.485352 0.035937 0.154297
0 0.452344 0.454102 0.023438 0.052734
2 0.385937 0.462891 0.021875 0.019531
0 0.198437 0.469727 0.015625 0.056641