2 0.585156 0.462891 0.051562 0.054688
2 0.410156 0.459961 0.054688 0.044922
2 0.321094 0.505859 0.057813 0.105469
2 0.235156 0.513672 0.123438 0.148438
2 0.105469 0.569336 0.160938 0.197266
2 0.027344 0.606445 0.054688 0.255859
2 0.742188 0.590820 0.196875 0.162109
2 0.885156 0.682617 0.223438 0.353516
2 0.457813 0.446289 0.034375 0.041016
2 0.343750 0.495117 0.040625 0.064453
2 0.951562 0.461914 0.093750 0.041016
2 0.796094 0.448242 0.123438 0.076172
2 0.720313 0.447266 0.046875 0.058594
2 0.506250 0.442383 0.021875 0.029297