1 0.592969 0.530273 0.032813 0.103516
1 0.508594 0.531250 0.023438 0.101562
1 0.445312 0.500000 0.015625 0.062500
0 0.485938 0.469727 0.021875 0.080078
0 0.847656 0.433594 0.029687 0.054688
1 0.861719 0.518555 0.045312 0.123047
1 0.742969 0.518555 0.048438 0.099609
2 0.212500 0.500000 0.125000 0.097656
2 0.275781 0.485352 0.057813 0.076172
2 0.301563 0.476562 0.040625 0.058594
1 0.704688 0.506836 0.034375 0.091797
2 0.467187 0.463867 0.018750 0.029297
1 0.806250 0.506836 0.062500 0.146484
1 0.674219 0.487305 0.023438 0.076172
0 0.599219 0.427734 0.042188 0.101562
0 0.510156 0.448242 0.026562 0.072266
0 0.442188 0.444336 0.025000 0.052734
2 0.391406 0.462891 0.020313 0.019531
1 0.130469 0.501953 0.032813 0.050781