1 0.778125 0.629883 0.065625 0.208984
1 0.595313 0.547852 0.031250 0.119141
1 0.494531 0.557617 0.048438 0.123047
0 0.892969 0.481445 0.042188 0.142578
0 0.935937 0.437500 0.028125 0.031250
2 0.415625 0.456055 0.021875 0.021484
2 0.449219 0.458984 0.020313 0.027344
0 0.868750 0.445312 0.021875 0.039062
0 0.912500 0.439453 0.012500 0.027344
0 0.777344 0.481445 0.117188 0.322266
0 0.592969 0.485352 0.064062 0.201172
0 0.492969 0.492188 0.054688 0.191406
0 0.466406 0.464844 0.017188 0.066406
2 0.393750 0.458008 0.021875 0.025391
2 0.374219 0.465820 0.023438 0.025391