0 0.538281 0.494141 0.035937 0.132812
0 0.582812 0.495117 0.031250 0.107422
1 0.583594 0.535156 0.023438 0.062500
1 0.536719 0.528320 0.020313 0.076172
2 0.204687 0.524414 0.178125 0.126953
2 0.314844 0.495117 0.079687 0.099609
2 0.382031 0.484375 0.054688 0.050781
2 0.404687 0.472656 0.043750 0.050781
2 0.655469 0.500977 0.095312 0.115234
2 0.710938 0.531250 0.125000 0.113281
1 0.732031 0.565430 0.095312 0.123047
2 0.867969 0.618164 0.254688 0.240234
2 0.435156 0.474609 0.029687 0.035156
2 0.444531 0.464844 0.029687 0.039062
2 0.482031 0.467773 0.020313 0.025391