0 0.397656 0.477539 0.029687 0.064453
2 0.770312 0.500977 0.112500 0.068359
2 0.914062 0.513672 0.128125 0.078125
2 0.953125 0.519531 0.087500 0.078125
2 0.296094 0.463867 0.029687 0.029297
2 0.348438 0.461914 0.031250 0.033203
2 0.091406 0.470703 0.029687 0.050781
2 0.127344 0.472656 0.023438 0.050781
2 0.022656 0.468750 0.032813 0.062500
2 0.059375 0.469727 0.028125 0.060547
2 0.677344 0.474609 0.026562 0.070312
2 0.629687 0.475586 0.043750 0.056641
2 0.742969 0.455078 0.057813 0.031250
2 0.180469 0.461914 0.023438 0.029297
2 0.200000 0.463867 0.021875 0.037109