2 0.184375 0.528320 0.234375 0.162109
2 0.460156 0.459961 0.032813 0.033203
2 0.496875 0.462891 0.034375 0.031250
0 0.621875 0.484375 0.031250 0.105469
2 0.515625 0.458984 0.021875 0.023438
2 0.214062 0.437500 0.100000 0.027344
2 0.299219 0.484375 0.051562 0.058594
0 0.639844 0.468750 0.014063 0.058594
0 0.661719 0.472656 0.017188 0.058594
0 0.651563 0.469727 0.012500 0.060547
0 0.741406 0.480469 0.029687 0.042969
0 0.402344 0.458984 0.014063 0.035156
0 0.383594 0.456055 0.020313 0.044922
0 0.369531 0.458008 0.020313 0.044922
1 0.621875 0.519531 0.018750 0.062500