2 0.823438 0.485352 0.184375 0.119141
2 0.681250 0.559570 0.159375 0.138672
2 0.785156 0.636719 0.273438 0.226562
2 0.881250 0.809570 0.234375 0.376953
2 0.334375 0.478516 0.021875 0.042969
2 0.330469 0.461914 0.032813 0.037109
2 0.114062 0.503906 0.103125 0.078125
2 0.040625 0.507812 0.075000 0.117188
2 0.034375 0.604492 0.065625 0.150391
0 0.626563 0.452148 0.018750 0.052734
0 0.597656 0.455078 0.020313 0.054688
0 0.240625 0.466797 0.018750 0.058594
2 0.292187 0.458984 0.034375 0.046875
2 0.394531 0.456055 0.023438 0.025391
2 0.433594 0.464844 0.029687 0.031250
1 0.351562 0.517578 0.021875 0.054688