0 0.589844 0.479492 0.020313 0.083984
0 0.575000 0.482422 0.018750 0.074219
0 0.557031 0.482422 0.020313 0.082031
2 0.782031 0.583008 0.251563 0.244141
2 0.687500 0.521484 0.096875 0.128906
2 0.632812 0.495117 0.068750 0.072266
2 0.062500 0.645508 0.118750 0.228516
2 0.159375 0.562500 0.175000 0.179688
2 0.268750 0.515625 0.121875 0.152344
2 0.334375 0.514648 0.037500 0.087891
2 0.351562 0.494141 0.043750 0.070312
2 0.518750 0.453125 0.034375 0.035156
2 0.368750 0.486328 0.037500 0.058594
2 0.396875 0.470703 0.046875 0.058594
2 0.428125 0.461914 0.028125 0.037109
2 0.447656 0.453125 0.020313 0.035156
2 0.042188 0.458008 0.084375 0.037109
2 0.459375 0.451172 0.018750 0.031250